1	1		8358	2324
1	2			
1	3			
1	4			
1	5			
1	6			
1	7			
1	8			
1	9			
1	10			
1	11			
1	12			
1	13			
1	14			
1	15			
1	16			
1	17			
1	18			
1	19			
1	20			
1	21			
1	22			
1	23			
2	25			
2	27			
2	29			
2	31			
2	33			
2	35			
2	37			
2	39			
2	41			
2	43			
2	45			
2	47			
2	49			
2	51			
2	53			
2	55			
2	57			
2	59			
2	61			
2	63			
2	65			
2	67			
2	69			
2	71			
2	73			
3	76			
3	79			
3	82			
3	85			
3	88			
3	91			
3	94			
3	97			
3	100			
3	103			
3	106			
3	109			
3	112			
3	115			
3	118			
3	121			
3	124			
3	127			
3	130			
3	133			
3	136			
3	139			
4	143			
4	147			
4	151			
4	155			
4	159			
4	163			
4	167			
4	171			
4	175			
4	179			
4	183			
4	187			
4	191			
4	195			
4	199			
4	203			
4	207			
4	211			
4	215			
4	219			
4	223			
4	227			
4	231			
5	236			
5	241			
5	246			
5	251			
5	256			
5	261			
5	266			
5	271			
5	276			
5	281			
5	286			
5	291			
5	296			
5	301			
5	306			
5	311			
5	316			
5	321			
5	326			
5	331			
5	336			
5	341			
6	347			
6	353			
6	359			
6	365			
6	371			
6	377			
6	383			
6	389			
6	395			
6	401			
6	407			
6	413			
6	419			
6	425			
6	431			
6	437			
6	443			
6	449			
6	455			
6	461			
6	467			
6	473			
6	479			
6	485			
6	491			
6	497			
7	504			
7	511			
7	518			
7	525			
7	532			
7	539			
7	546			
7	553			
7	560			
7	567			
7	574			
7	581			
7	588			
7	595			
7	602			
7	609			
7	616			
7	623			
7	630			
7	637			
7	644			
7	651			
7	658			
7	665			
7	672			
7	679			
8	687			
8	695			
8	703			
8	711			
8	719			
8	727			
8	735			
8	743			
8	751			
8	759			
8	767			
8	775			
8	783			
8	791			
8	799			
8	807			
8	815			
8	823			
8	831			
8	839			
8	847			
8	855			
8	863			
8	871			
8	879			
8	887			
8	895			
8	903			
9	912			
9	921			
9	930			
9	939			
9	948			
9	957			
9	966			
9	975			
9	984			
9	993			
9	1002			
9	1011			
9	1020			
9	1029			
9	1038			
9	1047			
9	1056			
10	1066			
10	1076			
10	1086			
10	1096			
10	1106			
10	1116			
10	1126			
10	1136			
10	1146			
10	1156			
10	1166			
10	1176			
10	1186			
10	1196			
10	1206			
11	1217			
11	1228			
11	1239			
11	1250			
11	1261			
11	1272			
11	1283			
11	1294			
11	1305			
11	1316			
11	1327			
11	1338			
11	1349			
11	1360			
11	1371			
11	1382			
11	1393			
11	1404			
11	1415			
11	1426			
12	1438			
12	1450			
12	1462			
12	1474			
12	1486			
12	1498			
12	1510			
12	1522			
12	1534			
12	1546			
12	1558			
12	1570			
12	1582			
12	1594			
12	1606			
12	1618			
12	1630			
12	1642			
12	1654			
12	1666			
12	1678			
12	1690			
12	1702			
12	1714			
12	1726			
12	1738			
12	1750			
13	1763			
13	1776			
13	1789			
13	1802			
13	1815			
13	1828			
13	1841			
13	1854			
13	1867			
13	1880			
13	1893			
13	1906			
13	1919			
13	1932			
13	1945			
13	1958			
13	1971			
13	1984			
14	1998			
14	2012			
14	2026			
14	2040			
14	2054			
14	2068			
14	2082			
14	2096			
14	2110			
14	2124			
14	2138			
14	2152			
14	2166			
14	2180			
14	2194			
14	2208			
14	2222			
14	2236			
14	2250			
14	2264			
14	2278			
14	2292			
14	2306			
14	2320			
14	2334			
14	2348			
14	2362			
14	2376			
14	2390			
15	2405			
15	2420			
15	2435			
15	2450			
15	2465			
15	2480			
15	2495			
15	2510			
15	2525			
15	2540			
15	2555			
15	2570			
15	2585			
15	2600			
15	2615			
15	2630			
15	2645			
15	2660			
15	2675			
15	2690			
15	2705			
15	2720			
15	2735			
15	2750			
16	2766			
16	2782			
16	2798			
16	2814			
16	2830			
16	2846			
16	2862			
16	2878			
16	2894			
16	2910			
16	2926			
16	2942			
16	2958			
16	2974			
16	2990			
16	3006			
16	3022			
16	3038			
16	3054			
16	3070			
16	3086			
16	3102			
16	3118			
16	3134			
16	3150			
16	3166			
16	3182			
16	3198			
17	3215			
17	3232			
17	3249			
17	3266			
17	3283			
17	3300			
17	3317			
17	3334			
17	3351			
17	3368			
17	3385			
17	3402			
17	3419			
17	3436			
17	3453			
17	3470			
17	3487			
17	3504			
17	3521			
17	3538			
17	3555			
17	3572			
17	3589			
17	3606			
17	3623			
18	3641			
18	3659			
18	3677			
18	3695			
18	3713			
18	3731			
18	3749			
18	3767			
18	3785			
18	3803			
18	3821			
18	3839			
18	3857			
18	3875			
18	3893			
18	3911			
18	3929			
19	3948			
19	3967			
19	3986			
19	4005			
19	4024			
19	4043			
19	4062			
19	4081			
19	4100			
19	4119			
19	4138			
19	4157			
19	4176			
19	4195			
19	4214			
19	4233			
19	4252			
19	4271			
19	4290			
19	4309			
19	4328			
19	4347			
19	4366			
19	4385			
19	4404			
19	4423			
19	4442			
19	4461			
19	4480			
19	4499			
19	4518			
20	4538			
20	4558			
20	4578			
20	4598			
20	4618			
20	4638			
20	4658			
20	4678			
20	4698			
20	4718			
20	4738			
20	4758			
20	4778			
20	4798			
20	4818			
20	4838			
20	4858			
20	4878			
20	4898			
20	4918			
20	4938			
20	4958			
20	4978			
21	4999			
21	5020			
21	5041			
21	5062			
21	5083			
21	5104			
21	5125			
21	5146			
21	5167			
21	5188			
21	5209			
21	5230			
21	5251			
21	5272			
21	5293			
21	5314			
21	5335			
21	5356			
21	5377			
21	5398			
21	5419			
21	5440			
22	5462			
22	5484			
22	5506			
22	5528			
22	5550			
22	5572			
22	5594			
22	5616			
22	5638			
22	5660			
22	5682			
22	5704			
22	5726			
22	5748			
22	5770			
22	5792			
22	5814			
22	5836			
22	5858			
22	5880			
23	5903			
23	5926			
23	5949			
23	5972			
23	5995			
23	6018			
23	6041			
23	6064			
23	6087			
23	6110			
23	6133			
23	6156			
23	6179			
23	6202			
23	6225			
23	6248			
23	6271			
23	6294			
23	6317			
24	6341			
24	6365			
24	6389			
24	6413			
24	6437			
24	6461			
24	6485			
24	6509			
24	6533			
24	6557			
24	6581			
24	6605			
24	6629			
24	6653			
24	6677			
24	6701			
24	6725			
24	6749			
24	6773			
24	6797			
25	6822			
25	6847			
25	6872			
25	6897			
25	6922			
25	6947			
25	6972			
25	6997			
25	7022			
25	7047			
25	7072			
25	7097			
25	7122			
25	7147			
25	7172			
25	7197			
25	7222			
25	7247			
25	7272			
25	7297			
25	7322			
25	7347			
25	7372			
25	7397			
25	7422			
25	7447			
25	7472			
25	7497			
25	7522			
25	7547			
25	7572			
26	7598			
26	7624			
26	7650			
26	7676			
26	7702			
26	7728			
26	7754			
26	7780			
26	7806			
26	7832			
26	7858			
26	7884			
26	7910			
26	7936			
26	7962			
26	7988			
26	8014			
26	8040			
26	8066			
26	8092			
26	8118			
26	8144			
26	8170			
26	8196			
27	8223			
27	8250			
27	8277			
27	8304			
27	8331			
27	8358			
27	8385			
27	8412			
27	8439			
27	8466			
27	8493			
27	8520			
27	8547			
27	8574			
27	8601			
27	8628			
27	8655			
27	8682			
27	8709			
27	8736			
27	8763			
27	8790			
27	8817			
27	8844			
27	8871			
27	8898			
28	8926			
28	8954			
28	8982			
28	9010			
28	9038			
28	9066			
28	9094			
28	9122			
28	9150			
28	9178			
28	9206			
28	9234			
28	9262			
28	9290			
28	9318			
28	9346			
28	9374			
28	9402			
29	9431			
29	9460			
29	9489			
29	9518			
29	9547			
29	9576			
29	9605			
29	9634			
29	9663			
29	9692			
29	9721			
29	9750			
29	9779			
29	9808			
29	9837			
29	9866			
29	9895			
29	9924			
29	9953			
29	9982			
30	10012			
30	10042			
30	10072			
30	10102			
30	10132			
30	10162			
30	10192			
30	10222			
30	10252			
30	10282			
30	10312			
30	10342			
30	10372			
30	10402			
30	10432			
30	10462			
30	10492			
30	10522			
30	10552			
30	10582			
30	10612			
30	10642			
30	10672			
30	10702			
30	10732			
30	10762			
30	10792			
31	10823			
31	10854			
31	10885			
31	10916			
31	10947			
31	10978			
31	11009			
31	11040			
31	11071			
31	11102			
31	11133			
31	11164			
31	11195			
31	11226			
31	11257			
31	11288			
31	11319			
32	11351			
32	11383			
32	11415			
32	11447			
32	11479			
32	11511			
32	11543			
32	11575			
32	11607			
32	11639			
32	11671			
32	11703			
32	11735			
32	11767			
32	11799			
32	11831			
32	11863			
32	11895			
32	11927			
32	11959			
32	11991			
32	12023			
32	12055			
32	12087			
32	12119			
32	12151			
33	12184			
33	12217			
33	12250			
33	12283			
33	12316			
33	12349			
33	12382			
33	12415			
33	12448			
33	12481			
33	12514			
33	12547			
33	12580			
33	12613			
33	12646			
33	12679			
33	12712			
33	12745			
33	12778			
33	12811			
33	12844			
33	12877			
33	12910			
33	12943			
33	12976			
34	13010			
34	13044			
34	13078			
34	13112			
34	13146			
34	13180			
34	13214			
34	13248			
34	13282			
34	13316			
34	13350			
34	13384			
34	13418			
34	13452			
34	13486			
34	13520			
35	13555			
35	13590			
35	13625			
35	13660			
35	13695			
35	13730			
35	13765			
35	13800			
35	13835			
35	13870			
35	13905			
35	13940			
35	13975			
35	14010			
35	14045			
35	14080			
35	14115			
35	14150			
35	14185			
35	14220			
35	14255			
35	14290			
35	14325			
35	14360			
35	14395			
35	14430			
36	14466			
36	14502			
36	14538			
36	14574			
36	14610			
36	14646			
36	14682			
36	14718			
36	14754			
36	14790			
36	14826			
36	14862			
36	14898			
36	14934			
36	14970			
36	15006			
36	15042			
36	15078			
36	15114			
36	15150			
36	15186			
36	15222			
36	15258			
36	15294			
36	15330			
36	15366			
37	15403			
37	15440			
37	15477			
37	15514			
37	15551			
37	15588			
37	15625			
37	15662			
37	15699			
37	15736			
37	15773			
37	15810			
37	15847			
37	15884			
37	15921			
37	15958			
37	15995			
37	16032			
37	16069			
37	16106			
37	16143			
38	16181			
38	16219			
38	16257			
38	16295			
38	16333			
38	16371			
38	16409			
38	16447			
38	16485			
38	16523			
38	16561			
38	16599			
38	16637			
38	16675			
38	16713			
38	16751			
38	16789			
38	16827			
38	16865			
38	16903			
38	16941			
38	16979			
38	17017			
38	17055			
38	17093			
38	17131			
38	17169			
39	17208			
39	17247			
39	17286			
39	17325			
39	17364			
39	17403			
39	17442			
39	17481			
39	17520			
39	17559			
39	17598			
39	17637			
39	17676			
39	17715			
39	17754			
39	17793			
39	17832			
39	17871			
39	17910			
39	17949			
39	17988			
39	18027			
39	18066			
40	18106			
40	18146			
40	18186			
40	18226			
40	18266			
40	18306			
40	18346			
40	18386			
40	18426			
40	18466			
40	18506			
40	18546			
40	18586			
40	18626			
40	18666			
40	18706			
40	18746			
40	18786			
40	18826			
40	18866			
40	18906			
40	18946			
40	18986			
40	19026			
40	19066			
40	19106			
40	19146			
40	19186			
40	19226			
41	19267			
41	19308			
41	19349			
41	19390			
41	19431			
41	19472			
41	19513			
41	19554			
41	19595			
41	19636			
41	19677			
41	19718			
41	19759			
41	19800			
41	19841			
41	19882			
41	19923			
41	19964			
41	20005			
41	20046			
41	20087			
42	20129			
42	20171			
42	20213			
42	20255			
42	20297			
42	20339			
42	20381			
42	20423			
42	20465			
42	20507			
42	20549			
42	20591			
42	20633			
42	20675			
42	20717			
42	20759			
42	20801			
43	20844			
43	20887			
43	20930			
43	20973			
43	21016			
43	21059			
43	21102			
43	21145			
43	21188			
43	21231			
43	21274			
43	21317			
43	21360			
43	21403			
43	21446			
43	21489			
43	21532			
43	21575			
43	21618			
43	21661			
43	21704			
43	21747			
43	21790			
43	21833			
43	21876			
43	21919			
43	21962			
43	22005			
44	22049			
44	22093			
44	22137			
44	22181			
44	22225			
44	22269			
44	22313			
44	22357			
44	22401			
44	22445			
44	22489			
44	22533			
44	22577			
44	22621			
44	22665			
44	22709			
44	22753			
44	22797			
44	22841			
44	22885			
45	22930			
45	22975			
45	23020			
45	23065			
45	23110			
45	23155			
45	23200			
45	23245			
45	23290			
45	23335			
45	23380			
45	23425			
45	23470			
45	23515			
45	23560			
45	23605			
45	23650			
45	23695			
45	23740			
45	23785			
45	23830			
45	23875			
45	23920			
45	23965			
45	24010			
46	24056			
46	24102			
46	24148			
46	24194			
46	24240			
46	24286			
46	24332			
46	24378			
46	24424			
46	24470			
46	24516			
46	24562			
46	24608			
46	24654			
46	24700			
46	24746			
46	24792			
46	24838			
46	24884			
46	24930			
46	24976			
46	25022			
46	25068			
46	25114			
47	25161			
47	25208			
47	25255			
47	25302			
47	25349			
47	25396			
47	25443			
47	25490			
47	25537			
47	25584			
47	25631			
47	25678			
47	25725			
47	25772			
47	25819			
47	25866			
47	25913			
47	25960			
47	26007			
47	26054			
48	26102			
48	26150			
48	26198			
48	26246			
48	26294			
48	26342			
48	26390			
48	26438			
48	26486			
48	26534			
48	26582			
48	26630			
48	26678			
48	26726			
48	26774			
48	26822			
48	26870			
48	26918			
48	26966			
48	27014			
48	27062			
48	27110			
48	27158			
48	27206			
48	27254			
48	27302			
48	27350			
48	27398			
48	27446			
49	27495			
49	27544			
49	27593			
49	27642			
49	27691			
49	27740			
49	27789			
49	27838			
49	27887			
49	27936			
49	27985			
49	28034			
49	28083			
49	28132			
49	28181			
49	28230			
49	28279			
49	28328			
49	28377			
50	28427			
50	28477			
50	28527			
50	28577			
50	28627			
50	28677			
50	28727			
50	28777			
50	28827			
50	28877			
50	28927			
50	28977			
50	29027			
50	29077			
50	29127			
50	29177			
50	29227			
50	29277			
50	29327			
50	29377			
50	29427			
51	29478			
51	29529			
51	29580			
51	29631			
51	29682			
51	29733			
51	29784			
51	29835			
51	29886			
51	29937			
51	29988			
51	30039			
51	30090			
51	30141			
51	30192			
51	30243			
51	30294			
51	30345			
52	30397			
52	30449			
52	30501			
52	30553			
52	30605			
52	30657			
52	30709			
52	30761			
52	30813			
52	30865			
52	30917			
52	30969			
52	31021			
52	31073			
52	31125			
52	31177			
52	31229			
52	31281			
52	31333			
52	31385			
52	31437			
52	31489			
52	31541			
52	31593			
52	31645			
52	31697			
52	31749			
52	31801			
52	31853			
52	31905			
52	31957			
52	32009			
52	32061			
52	32113			
52	32165			
52	32217			
52	32269			
53	32322			
53	32375			
53	32428			
53	32481			
53	32534			
53	32587			
53	32640			
53	32693			
53	32746			
53	32799			
53	32852			
53	32905			
53	32958			
53	33011			
53	33064			
53	33117			
53	33170			
53	33223			
53	33276			
53	33329			
53	33382			
53	33435			
54	33489			
54	33543			
54	33597			
54	33651			
54	33705			
54	33759			
54	33813			
54	33867			
54	33921			
54	33975			
54	34029			
54	34083			
54	34137			
54	34191			
54	34245			
54	34299			
54	34353			
54	34407			
54	34461			
54	34515			
54	34569			
54	34623			
54	34677			
54	34731			
54	34785			
55	34840			
55	34895			
55	34950			
55	35005			
55	35060			
55	35115			
55	35170			
55	35225			
55	35280			
55	35335			
55	35390			
55	35445			
55	35500			
55	35555			
55	35610			
55	35665			
55	35720			
55	35775			
55	35830			
55	35885			
55	35940			
55	35995			
55	36050			
55	36105			
56	36161			
56	36217			
56	36273			
56	36329			
56	36385			
56	36441			
56	36497			
56	36553			
56	36609			
56	36665			
56	36721			
56	36777			
56	36833			
56	36889			
56	36945			
56	37001			
56	37057			
56	37113			
57	37170			
57	37227			
57	37284			
57	37341			
57	37398			
57	37455			
57	37512			
57	37569			
57	37626			
57	37683			
57	37740			
57	37797			
57	37854			
57	37911			
58	37969			
58	38027			
58	38085			
58	38143			
58	38201			
58	38259			
58	38317			
58	38375			
58	38433			
58	38491			
58	38549			
58	38607			
58	38665			
58	38723			
58	38781			
58	38839			
58	38897			
58	38955			
58	39013			
58	39071			
58	39129			
58	39187			
58	39245			
58	39303			
58	39361			
58	39419			
58	39477			
58	39535			
59	39594			
59	39653			
59	39712			
59	39771			
59	39830			
59	39889			
59	39948			
59	40007			
59	40066			
59	40125			
59	40184			
59	40243			
59	40302			
59	40361			
59	40420			
59	40479			
59	40538			
59	40597			
59	40656			
59	40715			
59	40774			
59	40833			
59	40892			
59	40951			
59	41010			
59	41069			
59	41128			
59	41187			
59	41246			
59	41305			
59	41364			
60	41424			
60	41484			
60	41544			
60	41604			
60	41664			
60	41724			
60	41784			
60	41844			
60	41904			
60	41964			
60	42024			
60	42084			
60	42144			
60	42204			
60	42264			
60	42324			
60	42384			
60	42444			
60	42504			
60	42564			
61	42625			
61	42686			
61	42747			
61	42808			
61	42869			
61	42930			
61	42991			
61	43052			
61	43113			
61	43174			
61	43235			
61	43296			
61	43357			
61	43418			
61	43479			
61	43540			
61	43601			
61	43662			
61	43723			
61	43784			
61	43845			
61	43906			
61	43967			
61	44028			
61	44089			
61	44150			
62	44212			
62	44274			
62	44336			
62	44398			
62	44460			
62	44522			
62	44584			
62	44646			
62	44708			
62	44770			
62	44832			
62	44894			
62	44956			
62	45018			
62	45080			
62	45142			
62	45204			
62	45266			
62	45328			
62	45390			
62	45452			
62	45514			
62	45576			
63	45639			
63	45702			
63	45765			
63	45828			
63	45891			
63	45954			
63	46017			
63	46080			
63	46143			
63	46206			
63	46269			
63	46332			
63	46395			
63	46458			
63	46521			
63	46584			
63	46647			
63	46710			
63	46773			
64	46837			
64	46901			
64	46965			
64	47029			
64	47093			
64	47157			
64	47221			
64	47285			
64	47349			
64	47413			
64	47477			
64	47541			
64	47605			
64	47669			
64	47733			
64	47797			
64	47861			
64	47925			
64	47989			
64	48053			
64	48117			
64	48181			
65	48246			
65	48311			
65	48376			
65	48441			
65	48506			
65	48571			
65	48636			
65	48701			
65	48766			
65	48831			
65	48896			
65	48961			
65	49026			
65	49091			
65	49156			
65	49221			
65	49286			
65	49351			
65	49416			
65	49481			
65	49546			
65	49611			
65	49676			
65	49741			
65	49806			
65	49871			
65	49936			
65	50001			
65	50066			
65	50131			
65	50196			
66	50262			
66	50328			
66	50394			
66	50460			
66	50526			
66	50592			
66	50658			
66	50724			
66	50790			
66	50856			
66	50922			
66	50988			
66	51054			
66	51120			
66	51186			
66	51252			
66	51318			
66	51384			
66	51450			
66	51516			
66	51582			
66	51648			
66	51714			
66	51780			
66	51846			
66	51912			
66	51978			
66	52044			
66	52110			
66	52176			
67	52243			
67	52310			
67	52377			
67	52444			
67	52511			
67	52578			
67	52645			
67	52712			
67	52779			
67	52846			
67	52913			
67	52980			
67	53047			
67	53114			
67	53181			
68	53249			
68	53317			
68	53385			
68	53453			
68	53521			
68	53589			
68	53657			
68	53725			
68	53793			
68	53861			
68	53929			
68	53997			
68	54065			
68	54133			
68	54201			
68	54269			
68	54337			
68	54405			
68	54473			
68	54541			
68	54609			
68	54677			
68	54745			
68	54813			
68	54881			
68	54949			
68	55017			
68	55085			
68	55153			
68	55221			
68	55289			
68	55357			
68	55425			
69	55494			
69	55563			
69	55632			
69	55701			
69	55770			
69	55839			
69	55908			
69	55977			
69	56046			
69	56115			
69	56184			
69	56253			
69	56322			
69	56391			
69	56460			
69	56529			
69	56598			
69	56667			
69	56736			
69	56805			
69	56874			
69	56943			
69	57012			
70	57082			
70	57152			
70	57222			
70	57292			
70	57362			
70	57432			
70	57502			
70	57572			
70	57642			
70	57712			
70	57782			
70	57852			
70	57922			
70	57992			
70	58062			
70	58132			
70	58202			
70	58272			
70	58342			
70	58412			
70	58482			
70	58552			
71	58623			
71	58694			
71	58765			
71	58836			
71	58907			
71	58978			
71	59049			
71	59120			
71	59191			
71	59262			
71	59333			
71	59404			
71	59475			
71	59546			
71	59617			
71	59688			
71	59759			
71	59830			
71	59901			
71	59972			
71	60043			
71	60114			
71	60185			
71	60256			
71	60327			
71	60398			
71	60469			
71	60540			
72	60612			
72	60684			
72	60756			
72	60828			
72	60900			
72	60972			
72	61044			
72	61116			
72	61188			
72	61260			
72	61332			
72	61404			
72	61476			
72	61548			
72	61620			
72	61692			
72	61764			
72	61836			
73	61909			
73	61982			
73	62055			
73	62128			
73	62201			
73	62274			
73	62347			
73	62420			
73	62493			
73	62566			
73	62639			
73	62712			
73	62785			
73	62858			
73	62931			
73	63004			
73	63077			
73	63150			
73	63223			
73	63296			
73	63369			
73	63442			
73	63515			
73	63588			
73	63661			
73	63734			
73	63807			
73	63880			
73	63953			
73	64026			
74	64100			
74	64174			
74	64248			
74	64322			
74	64396			
74	64470			
74	64544			
74	64618			
74	64692			
74	64766			
74	64840			
74	64914			
74	64988			
74	65062			
74	65136			
74	65210			
74	65284			
74	65358			
74	65432			
74	65506			
74	65580			
74	65654			
74	65728			
74	65802			
75	65877			
75	65952			
75	66027			
75	66102			
75	66177			
75	66252			
75	66327			
75	66402			
75	66477			
75	66552			
75	66627			
75	66702			
75	66777			
75	66852			
75	66927			
75	67002			
75	67077			
75	67152			
75	67227			
75	67302			
75	67377			
76	67453			
76	67529			
76	67605			
76	67681			
76	67757			
76	67833			
76	67909			
76	67985			
76	68061			
76	68137			
76	68213			
76	68289			
76	68365			
76	68441			
76	68517			
76	68593			
76	68669			
77	68746			
77	68823			
77	68900			
77	68977			
77	69054			
77	69131			
77	69208			
77	69285			
77	69362			
77	69439			
77	69516			
77	69593			
77	69670			
77	69747			
77	69824			
77	69901			
77	69978			
77	70055			
77	70132			
77	70209			
77	70286			
77	70363			
77	70440			
77	70517			
77	70594			
78	70672			
78	70750			
78	70828			
78	70906			
78	70984			
78	71062			
78	71140			
78	71218			
78	71296			
78	71374			
78	71452			
78	71530			
78	71608			
78	71686			
78	71764			
78	71842			
78	71920			
78	71998			
78	72076			
78	72154			
78	72232			
78	72310			
78	72388			
78	72466			
78	72544			
78	72622			
79	72701			
79	72780			
79	72859			
79	72938			
79	73017			
79	73096			
79	73175			
79	73254			
79	73333			
79	73412			
79	73491			
79	73570			
79	73649			
79	73728			
79	73807			
79	73886			
79	73965			
79	74044			
79	74123			
79	74202			
79	74281			
79	74360			
80	74440			
80	74520			
80	74600			
80	74680			
80	74760			
80	74840			
80	74920			
80	75000			
80	75080			
80	75160			
80	75240			
80	75320			
80	75400			
80	75480			
80	75560			
80	75640			
80	75720			
80	75800			
80	75880			
81	75961			
81	76042			
81	76123			
81	76204			
81	76285			
81	76366			
81	76447			
81	76528			
81	76609			
81	76690			
81	76771			
81	76852			
81	76933			
81	77014			
81	77095			
81	77176			
81	77257			
81	77338			
81	77419			
81	77500			
81	77581			
81	77662			
81	77743			
81	77824			
81	77905			
81	77986			
81	78067			
81	78148			
82	78230			
82	78312			
82	78394			
82	78476			
82	78558			
82	78640			
82	78722			
82	78804			
82	78886			
82	78968			
82	79050			
82	79132			
82	79214			
82	79296			
82	79378			
82	79460			
82	79542			
82	79624			
82	79706			
82	79788			
82	79870			
82	79952			
82	80034			
82	80116			
82	80198			
82	80280			
82	80362			
82	80444			
82	80526			
82	80608			
83	80691			
83	80774			
83	80857			
83	80940			
83	81023			
83	81106			
83	81189			
83	81272			
83	81355			
83	81438			
83	81521			
83	81604			
83	81687			
83	81770			
83	81853			
83	81936			
83	82019			
83	82102			
83	82185			
83	82268			
83	82351			
83	82434			
83	82517			
83	82600			
84	82684			
84	82768			
84	82852			
84	82936			
84	83020			
84	83104			
84	83188			
84	83272			
84	83356			
84	83440			
84	83524			
84	83608			
84	83692			
84	83776			
84	83860			
84	83944			
84	84028			
84	84112			
84	84196			
84	84280			
84	84364			
84	84448			
84	84532			
85	84617			
85	84702			
85	84787			
85	84872			
85	84957			
85	85042			
85	85127			
85	85212			
85	85297			
85	85382			
85	85467			
85	85552			
85	85637			
85	85722			
85	85807			
85	85892			
85	85977			
85	86062			
85	86147			
85	86232			
85	86317			
85	86402			
85	86487			
85	86572			
86	86658			
86	86744			
86	86830			
86	86916			
86	87002			
86	87088			
86	87174			
86	87260			
86	87346			
86	87432			
86	87518			
86	87604			
86	87690			
86	87776			
86	87862			
86	87948			
86	88034			
86	88120			
86	88206			
87	88293			
87	88380			
87	88467			
87	88554			
87	88641			
87	88728			
87	88815			
87	88902			
87	88989			
87	89076			
87	89163			
87	89250			
87	89337			
87	89424			
87	89511			
87	89598			
87	89685			
87	89772			
87	89859			
87	89946			
87	90033			
87	90120			
88	90208			
88	90296			
88	90384			
88	90472			
88	90560			
88	90648			
88	90736			
88	90824			
88	90912			
88	91000			
88	91088			
88	91176			
88	91264			
89	91353			
89	91442			
89	91531			
89	91620			
89	91709			
89	91798			
89	91887			
89	91976			
89	92065			
89	92154			
89	92243			
89	92332			
89	92421			
89	92510			
89	92599			
89	92688			
89	92777			
89	92866			
89	92955			
90	93045			
90	93135			
90	93225			
90	93315			
90	93405			
90	93495			
90	93585			
90	93675			
90	93765			
90	93855			
90	93945			
90	94035			
90	94125			
90	94215			
90	94305			
90	94395			
90	94485			
90	94575			
90	94665			
90	94755			
90	94845			
90	94935			
90	95025			
91	95116			
91	95207			
91	95298			
91	95389			
91	95480			
91	95571			
91	95662			
91	95753			
91	95844			
91	95935			
91	96026			
91	96117			
91	96208			
91	96299			
91	96390			
91	96481			
91	96572			
91	96663			
91	96754			
91	96845			
91	96936			
91	97027			
91	97118			
91	97209			
91	97300			
91	97391			
91	97482			
91	97573			
91	97664			
91	97755			
91	97846			
92	97938			
92	98030			
92	98122			
92	98214			
92	98306			
92	98398			
92	98490			
92	98582			
92	98674			
92	98766			
92	98858			
92	98950			
92	99042			
92	99134			
92	99226			
92	99318			
92	99410			
92	99502			
92	99594			
92	99686			
92	99778			
93	99871			
93	99964			
93	100057			
93	100150			
93	100243			
93	100336			
93	100429			
93	100522			
93	100615			
93	100708			
93	100801			
93	100894			
93	100987			
93	101080			
93	101173			
93	101266			
93	101359			
93	101452			
93	101545			
93	101638			
93	101731			
93	101824			
93	101917			
93	102010			
93	102103			
93	102196			
93	102289			
93	102382			
93	102475			
94	102569			
94	102663			
94	102757			
94	102851			
94	102945			
94	103039			
94	103133			
94	103227			
94	103321			
94	103415			
94	103509			
94	103603			
94	103697			
94	103791			
94	103885			
94	103979			
94	104073			
95	104168			
95	104263			
95	104358			
95	104453			
95	104548			
95	104643			
95	104738			
95	104833			
95	104928			
95	105023			
95	105118			
95	105213			
95	105308			
95	105403			
95	105498			
95	105593			
95	105688			
95	105783			
95	105878			
95	105973			
95	106068			
95	106163			
95	106258			
95	106353			
95	106448			
95	106543			
95	106638			
96	106734			
96	106830			
96	106926			
96	107022			
96	107118			
96	107214			
96	107310			
96	107406			
96	107502			
96	107598			
96	107694			
96	107790			
96	107886			
96	107982			
96	108078			
96	108174			
96	108270			
96	108366			
96	108462			
96	108558			
96	108654			
96	108750			
96	108846			
96	108942			
96	109038			
96	109134			
96	109230			
96	109326			
96	109422			
96	109518			
96	109614			
96	109710			
96	109806			
97	109903			
97	110000			
97	110097			
97	110194			
97	110291			
97	110388			
97	110485			
97	110582			
97	110679			
97	110776			
97	110873			
97	110970			
97	111067			
97	111164			
97	111261			
97	111358			
97	111455			
97	111552			
97	111649			
98	111747			
98	111845			
98	111943			
98	112041			
98	112139			
98	112237			
98	112335			
98	112433			
98	112531			
98	112629			
98	112727			
98	112825			
98	112923			
98	113021			
98	113119			
99	113218			
99	113317			
99	113416			
99	113515			
99	113614			
99	113713			
99	113812			
99	113911			
99	114010			
99	114109			
99	114208			
99	114307			
99	114406			
99	114505			
99	114604			
99	114703			
99	114802			
99	114901			
100	115001			
100	115101			
100	115201			
100	115301			
100	115401			
100	115501			
100	115601			
100	115701			
100	115801			
100	115901			
100	116001			
100	116101			
100	116201			
100	116301			
100	116401			
100	116501			
100	116601			
100	116701			
100	116801			
100	116901			
100	117001			
100	117101			
				