1000
5266
1413
6852
8378
1750
8424
8136
304
7178
7388
5345
273
4924
7100
6404
2963
4078
5712
3126
1244
9115
4410
4671
4745
3021
6414
6303
5254
1894
298
6200
5492
832
5213
4180
8208
7817
827
6443
1470
1926
9566
3701
2967
8453
6304
8470
3004
2134
4398
712
6839
1288
5777
9991
7153
9224
5645
6373
2556
9838
5279
9294
6859
4305
5481
4394
5397
948
1047
7449
8340
2716
4781
8170
8903
2554
3316
292
9308
6431
640
133
4316
4266
4102
5829
2309
8663
297
6815
1744
2078
4914
5149
1421
5678
2548
1928
5947
6129
823
3188
2770
9650
9128
9450
2383
6106
910
7931
7105
935
8717
7099
355
8531
6503
6978
9065
3663
5607
9254
4911
2313
7687
8204
7411
7575
4897
860
9182
3866
2283
5774
5656
8160
2332
9443
1258
7038
5902
2417
6030
6708
9137
922
272
4529
2968
390
5009
8330
8083
2013
6893
9697
5933
9329
6186
8917
3579
5369
3499
9108
9349
6696
6129
8032
3412
9633
1631
9325
9971
1224
4800
2630
2757
5557
8310
3079
4579
7600
6775
49
4274
121
7098
3070
6193
2462
5427
8034
5287
9729
7825
9524
7472
2934
4738
3777
4729
844
2299
6933
863
772
2533
1088
6278
2277
7142
9850
3225
4498
2164
1820
5194
1636
7111
9615
5703
2288
5118
4202
1769
1720
9663
5673
1210
9327
3115
1464
7824
584
7420
9115
4306
8267
6268
7253
8891
6871
6040
966
7683
3445
6842
5017
9231
9762
6481
3839
6435
9075
9470
8807
5773
9052
3039
530
4829
1006
5727
4103
7783
9428
5831
8839
1071
1241
1912
2592
7994
9697
8912
8563
7449
6523
660
24
5291
9699
8642
2044
7491
6855
2237
3039
7022
2318
6174
8030
442
3136
2062
1476
5142
3827
3746
5620
6828
9015
5623
6207
5170
2112
4982
2049
1621
2339
1692
5828
9872
4869
8539
8949
4250
4107
8338
6750
5691
1998
1302
3755
5040
1232
2390
4815
9838
2157
8851
5012
3773
6550
4602
6014
7776
7687
1105
7467
4577
6755
9815
4723
9116
3354
940
6477
7675
5272
403
3462
6221
4194
482
3900
7318
318
1529
3157
5495
7691
7004
5816
6756
5008
8026
3152
9759
9567
5564
7360
147
8716
9591
451
9639
400
3509
6859
7496
8098
3054
4357
2473
3995
7957
8538
4866
5899
4868
1456
8858
5414
1190
418
8914
2291
4084
9316
3918
4788
3521
4138
4433
68
1048
1977
8985
7924
4665
3120
5992
20
8065
4311
10
4490
7495
4491
893
486
3852
8578
874
6708
6695
311
5077
5808
7695
8638
5481
5006
3689
1733
3697
1263
6098
3378
8213
9500
6748
131
2559
9509
1666
4622
5785
3971
5031
9863
4062
6973
229
4005
1927
8068
8680
1153
3092
8882
5741
3510
6584
7107
3524
3257
9689
4082
3451
5358
60
3144
5684
1921
8118
7455
4959
5071
2416
5377
4896
3958
1363
2570
3008
1230
6345
4311
9341
6418
4844
760
6888
8247
9837
1318
5995
9730
4360
4935
7022
1954
1232
2801
1326
2521
5903
5814
3079
7955
7466
5793
2742
3681
9477
7473
9685
8587
1135
4829
5915
8988
9666
5163
2990
8498
9191
7261
6352
5239
6141
5413
8133
2380
3187
4674
1806
3504
8340
9709
2625
9375
3959
6062
9038
8409
9099
3074
9683
874
2123
3768
1701
8643
5834
9440
6971
2003
7628
2012
1142
2918
1161
1674
7955
6269
9030
3310
3693
2497
8772
5145
3368
1410
9111
4236
4241
4303
153
8893
3321
8782
7378
6139
7821
329
25
2214
9952
477
8185
9154
8941
8371
8230
3177
7901
9856
290
6526
6523
7342
8725
854
1509
4606
7937
7349
2689
6253
9066
2029
405
3689
3806
4273
9853
2439
3522
1666
8193
4201
3413
2290
7559
2016
5127
3579
8787
8603
397
8763
2192
5465
5603
8729
4906
4248
965
6600
8001
9596
8697
6803
9071
2080
5698
729
8189
6407
5320
3134
9395
6832
4292
6742
1952
1544
5547
917
2877
3880
4038
4924
5680
1434
2342
8950
3401
9102
2961
8467
2427
2286
6131
1465
1046
4932
3825
6538
4256
126
832
8298
5699
9940
8384
2888
7355
1670
1116
5471
1595
4832
9553
8184
5837
6900
11
6910
5768
6689
1809
4997
5758
3915
2186
4129
8431
4371
5625
8254
3918
4793
7909
9999
5046
9101
9714
9052
780
5683
4687
8936
7266
5554
7232
3645
6496
4332
169
5436
8058
1990
6588
1240
7974
5197
6906
9441
38
9944
29
5608
9126
453
966
9925
4712
5440
4715
7653
23
89
8182
7994
3386
8636
4042
6262
2459
7640
1100
347
9285
6574
9526
6744
7294
2982
2561
2853
6532
4139
6249
1284
2417
3035
7667
1440
723
2235
5116
8232
3346
3744
2528
5881
262
4524
9145
8541
9234
1442
1842
2214
1506
7258
3462
3629
6205
5658
4019
5897
8585
9494
9656
3698
2088
5021
532
2937
4241
638
4778
5407
1978
576
8531
6619
2755
765
7084
1634
2990
7161
3128
81
3122
712
9349
5480
878
467
9689
3845
5051
2892
7177
6917
886
4597
5803
648
1331
7346
9554
2978
506
5606
1985
6493
948
4083
3648
8704
4039
2489
42
5027
704
7435
9040
3377
3947
7942
4718
2912
5453
6940
1212
9416
1229
630
8963
7807
3138
4430
6540
6900
6409
4764
1694
1886
46
3759
9098
5905
1418
1903
4760
5453
7367
3731
110
2507
3267
3468
587
2670
7784
8176
5946
5343
1347
1148
1701
5337
694
1512
2257
5062
3219
7392
9882
3027
8303
4212
8045
9468
8438
3160
3530
7969
939
2105
7515
6161
5351
8540
8202
5340
1958
5781
3887
1327
5628
4629
2432
9993
4199
4202
4134
5375
7474
2462
8891
4410
6707
7545
1367
8777
7376
1871
7897
3978
8112
7512
7394
2157
5303
4567
3926
1134
5235
1167
2075
7345
8923
888
36
5909
9484
7164
1335
3222
9859
6322
7468
9564
6135
1211
4356
9602
2832
7038
7752
1580
9140
4565
9888
2639
8795
9966
6672
7245
5136