790
-3485
115
1008
-5576
-5638
4657
5796
-2318
-3387
1456
-1543
-2338
-2123
-4267
4937
-161
-7090
-1203
-4621
3440
5371
-1283
-3347
6603
-8298
-8314
3249
-8809
-937
-5610
27
-3032
833
351
6989
-8574
-6030
747
-83
5692
-2703
-5971
2075
-81
760
7095
-8216
1797
-1348
1387
488
-3383
2031
-4903
4969
-8736
-333
-8760
4556
5241
5517
3591
3189
5748
7164
6967
-6146
-4808
4026
4594
568
3338
-1768
6208
-8548
5504
-4564
4120
-1518
-6358
6138
-4089
-38
2025
-8085
2297
-6909
6437
4005
-7679
-5968
-4042
-8353
-3180
-3491
-6834
2053
3267
186
-4864
-5272
924
-2825
6456
-5464
7976
-4883
-832
-5423
6949
6148
7526
-5281
4694
-2105
3665
-5856
-6973
-3292
-7823
220
-3405
7810
3304
6468
1599
4900
-8462
2775
5797
-28
6401
7599
-2748
-2657
-8689
-8969
-6157
-4850
-7010
1769
-2116
-1046
1657
6274
-4331
-263
6182
2698
-5750
7004
-8829
2086
6881
-4790
6647
4341
-1199
3285
-8364
-8155
6172
4899
3717
7993
-902
6033
5350
5573
4850
4385
5477
-7393
-2783
5613
4874
1130
-4293
5432
6611
7371
-5715
6976
-5990
-7055
4956
-8135
6558
4082
3696
-717
5614
2488
-5476
1473
-7330
-8374
-4385
2141
-4352
4448
4800
-2422
1684
-1078
7114
4385
6543
5186
803
-5339
5774
983
596
-7586
-554
330
-8144
-1940
3893
-1572
2286
677
-1501
6538
5060
3505
5855
-3404
-1847
6000
-7422
-653
-6760
-5949
6869
-1369
2041
6132
-8722
-4275
-2375
-2311
-182
-1657
1749
3036
-7914
-3603
-2845
-4203
3623
-3599
6462
-4829
2787
4279
5227
7433
-1582
-4593
4240
-8724
-5826
-8610
6673
-5692
-5852
-6280
-8747
902
-8985
-6585
2935
5288
-5595
7467
-4950
2280
-942
6688
-2267
-5905
957
3037
-1562
1929
-406
1739
-5998
-5006
-8490
-1493
-2502
6791
1709
-8269
-491
123
-3312
-4142
-8173
-2452
-7108
-4999
-6642
-1717
-965
-4452
3357
5268
-3875
-6313
-7460
-8009
-7789
-4001
-5996
-600
-87
2908
-5214
-8250
-3875
3822
-8024
6738
-6023
-8781
4262
7599
-6104
-3866
5740
-5114
481
-6810
6035
3181
-6980
-5817
4563
4421
-5243
-278
3843
3781
1971
-7427
-4927
-7071
-5565
-8590
2414
2954
-2175
4794
-6582
-7177
1782
6633
1470
-1297
5158
-4575
-7493
-5119
1845
7232
-6388
-4599
7607
-4648
3266
7234
-4334
-3348
-3540
1976
-1000
-5464
-6976
-7348
1463
-4884
-5220
5263
-6125
-2573
4946
810
2137
7977
873
7779
-8436
1898
-1126
-1623
5924
-3319
3126
-1400
-7266
3650
-1896
7716
4290
-5104
-4514
7481
-1564
6404
-2644
-4821
405
4187
574
2808
6266
-5166
675
7971
-2336
7346
2311
-487
-813
4133
-4959
-8145
2759
6862
7221
-2400
3944
-1726
6269
1987
-2263
-4736
3007
-4500
1749
-437
-3865
-5447
-2655
6072
-6368
3101
-5874
6789
-5241
7955
709
-5142
-2127
-8101
-8650
-3621
3960
1732
-7956
-6487
-8752
-3588
3931
267
699
5538
4691
-3888
-5706
-338
3968
779
-7259
-2989
-6794
-7057
-3601
6299
-2962
-7221
-6650
6563
-1345
2152
6778
7656
7437
-3557
5168
3687
3511
-1864
-1274
-8145
1238
-1491
6447
-4357
767
-3696
2002
-2134
-8321
7580
-8573
-2988
-1017
1067
-6994
-697
7743
1070
7995
-2068
-6047
-4053
-1508
-1378
-6299
-3304
-4322
1532
-1353
2522
7660
7274
7601
-2032
7717
-8557
1831
2504
7840
-3647
-8705
-5979
-8838
-8938
4566
3624
460
-2777
7736
-7737
2948
-2366
-8652
1177
1595
6632
-5380
-7278
-4583
-4889
2244
-2017
3219
7856
-7574
-5297
-2913
-8816
6766
-1731
7239
-2498
6091
-1663
-3711
3821
-5359
5464
449
4673
4270
1868
5920
5178
-8180
3186
-1130
-8646
-758
-3915
5718
-1261
-3722
5764
298
-4955
-4068
5119
5403
-3889
2208
2474
507
-4157
3507
-5047
1478
-1009
3179
-8693
-4745
7421
-7761
4369
-258
6429
1731
-5511
-8856
-3392
-4929
5732
-2641
-331
-7372
6151
7414
-446
1410
4979
1843
-6470
3732
4540
3970
-6203
-4766
1397
-6526
6498
-6002
7889
-7711
2891
2467
-2699
-5535
7432
-2325
4607
363
650
-36
-2482
4658
1104
4115
5773
-8511
-1529
153
7667
-4332
-7472
5993
5987
4602
-5362
-2451
3576
-4838
-1553
915
-2468
-6270
-6997
6880
7834
-624
6150
-8457
2455
3395
2934
-4452
-8628
-5889
5235
7381
-3411
4986
2966
2516
1208
-8859
1848
3329
6798
2646
-1822
-563
-3064
7414
-1621
-8025
3682
-218
-1126
-4918
-3654
5448
-4391
287
2810
-7908
-1155
-8342
575
-7908
-4178
-8902
2073
7906
2098
3622
7541
-8876
-7569
4321
-3895
-2282
7669
-2028
-997
-6752
7294
-6736
-8138
47
3848
-7171
5519
3711
6960
-3111
-5662
-1927
3906
-7704
7681
4094
-3196
-3983
-1916
5154
-7787
-2783
539
6850
6117
-2198
6688
-5093
5438
7472
7800
-2211
-7031
4808
-8409
-4497
3389
-3119
2422
-2953
-3067
4054
3690
5751
-47
7603
-7443
6019
-5555
2328
5935
-2231
-1551
-4835
-2701
-2630
