2533
4327
5451
5198
4333
966
460
4557
9721
581
1458
2850
6916
3577
93
5181
1999
1168
9739
9374
7368
8733
5970
9332
7458
6529
5478
9322
1801
3216
4129
2359
5426
8415
3112
6496
2926
5017
2022
5463
7111
9995
7337
2843
1904
480
3198
5998
2741
3833
2576
2926
4974
562
4539
8540
2138
7544
4374
4482
9027
599
7396
4155
8507
2648
9991
3353
5269
3009
8244
5357
6075
336
2249
6344
9108
3980
8453
2303
2509
7766
6329
9656
4641
6613
8092
4323
1894
5577
5190
2113
2067
7374
8885
423
5874
9085
9905
3077
2164
4855
5304
5920
5370
5014
3972
7613
7686
6697
2630
1414
2626
9569
7080
3441
1232
3280
2222
3896
1769
8699
3755
1358
9114
4680
810
4446
2131
5223
1581
6751
5734
2084
7203
2214
5649
611
1939
4216
3105
7156
7669
409
3078
5391
8117
1765
2478
6534
4684
2669
2040
9
2480
1596
2065
5593
2541
5842
2086
7731
1098
7212
2593
894
1615
5716
4390
6600
8093
6229
793
7724
2430
2418
6051
7638
8043
9481
9882
7585
2404
2082
634
3387
8849
8029
4539
9376
5820
3923
3446
3450
4690
2278
2315
3481
907
6143
8719
6139
895
824
4659
3562
1308
7735
6590
7765
2751
8448
6230
6146
6592
9851
3300
2913
9315
5412
3936
1790
5057
183
2505
4529
3288
5891
9098
5657
465
209
1294
4074
7404
4819
3935
2153
3465
1427
4161
5297
1283
1845
210
3733
4597
2197
6426
314
481
4562
9386
3212
2001
5210
2
3272
930
2541
3680
4672
6400
6492
9024
8627
1896
8122
4379
7831
8315
7931
8190
3242
1683
3029
3122
2488
9754
8753
8287
6424
8611
7658
4614
718
8276
8019
1331
6677
5574
2306
3894
8835
3646
9979
2030
1764
6147
6175
2864
9210
3171
8396
4709
6963
4513
1372
6559
5234
4646
3342
8496
4308
9190
7358
9212
4634
5470
2311
1919
5168
1309
3469
7931
4088
996
419
7673
5510
4649
8318
5497
2926
8706
7432
7608
2352
6013
9838
4853
4986
6437
8978
1443
6434
7959
3858
4904
3086
7254
6188
7309
5649
8569
5184
2595
8311
7766
7678
2028
4905
8649
7974
5861
3296
6277
2112
6813
2518
6178
4193
356
1679
7169
4456
5923
257
5610
6044
9009
6634
7697
968
9018
6155
9736
7852
3224
1679
378
2137
7910
6056
51
6348
1308
7572
5862
1280
3842
72
8560
3266
7153
9097
3901
5970
3781
2238
2540
4265
1291
3266
2674
9294
6442
3835
4992
5089
9661
1313
9752
4624
3197
8427
1390
8745
1955
4576
2479
7987
9212
2117
436
4057
5597
2511
2957
930
2352
378
7274
3091
9594
1155
8119
7265
7025
4335
8631
7928
7046
5669
1641
3138
6417
3401
1329
5534
2674
9835
2660
9032
2676
6890
8479
4332
8946
2285
862
5047
2145
8460
4000
980
3913
8064
2630
8842
1275
4686
7859
647
3380
5379
1805
7743
8207
6721
9403
5309
783
1091
7963
1448
8886
2322
2945
7261
7725
9485
4126
6486
3251
2753
7694
4776
3345
9004
1800
7152
6930
5910
2743
6023
6948
6699
2763
4547
9251
2610
7988
2102
1606
2500
3510
2733
9347
4241
1194
6781
8238
6445
7379
7185
8184
238
7403
8078
1309
6771
526
5760
2924
9449
8247
4716
3578
5242
2725
6485
8690
8743
58
2755
3643
2884
4944
333
8939
2927
9157
5243
9218
836
4880
6983
7295
7771
5519
1076
8172
3053
8487
719
3973
1082
6027
873
8339
4358
2284
2293
6538
3104
6741
4211
4420
1611
2473
6694
7652
944
3778
2839
6401
2959
7921
4664
8190
610
4467
4305
9659
7028
3082
3553
9472
8891
6433
1889
7853
9261
1291
4888
4428
6916
3253
3217
5451
7621
5590
4911
2462
6149
9781
7138
6039
109
3619
7334
6819
2731
5626
1695
2151
6944
9262
7443
2971
8754
9991
9683
4934
2697
4763
343
1568
5742
9060
9711
9990
4213
4898
3098
3672
5081
8138
9775
9005
7928
3323
5462
1945
1884
6364
9904
1036
8226
8791
130
2085
5373
1775
938
1272
4522
9392
7846
5240
7829
197
4362
3027
3476
2591
5304
9028
1853
4996
6561
5621
3486
5690
3374
7937
6654
2641
7395
4092
2727
7758
7903
3963
9793
5020
5784
646
6320
9888
6503
605
2607
882
1105
503
6657
1797
3232
8032
9857
779
4813
2061
3450
423
7226
4190
8085
4188
4774
4541
6725
7922
2089
2712
6568
5841
68
5255
6143
1306
659
2574
5337
9203
8255
2209
7876
3424
4818
880
2056
2451
7067
8792
8169
4309
7025
220
918
4711
6811
688
4773
6287
7294
2655
5831
2529
4199
5077
1219
2189
4975
9143
2982
3858
3492
7363
4009
3379
9217
5137
8605
8995
1642
1482
3659
8481
9661
1482
8774
5925
60
3718
9678
5655
9676
4997
2120
7848
1245
3547
5416
9185
1488
9624
1856
7611
4180
6260
8840
9963
5632
5325
3837
3202
711
1957
2651
7682
1407
3548
9347
94
5767
2796
9939
9359
8129
6114
6277
7062
6711
5542
7466
2901
812
1453
106
18
6073
5276
9823
1018
2606
8489
2905
1587
4658
9785
8114
9702
5404
3875
1978
8958
1435
2588
6162
5759
6262
2604
445
4762
3215
6069
14
3991
7810
6231
3716
1698
3280
5795
2835
1156
4067
4598
8035
7069
6288
7753
1765
2390
6003
3176
836
9186
8595
9482
6083
8377
961
1823
3798
6334
691
9215
1434
4413
2088
7613
2548
2804
4192
248
2776
1717
6385
7331
9575
3574
1538
2184
3929
6979
9078
4691
5904
7811
3514
9920
600
3431
8932
2889
8920
2464
9912
3868
3919
3939
2456
3882
8170
2893
6267
3426
6297
9734
3426
2609
2354
7145
2143
5779
1031
567
636
1977
6071
5917
3317
4825
593
5291
8236
2844
9143
5278
5149
3774
643
1385
9396
4456
9723
6637
813
4723
3266
2642
9968
9321
7236
9643
898
4959
9384
9952
4072
3600
7292
7268
1792
7897
4617
2545
1363
8212
3466
2721
598
9165
4478
818
3195
9393
4027
3972
8592
9521
917
9462
52
1705
6759
8195
5926
5836
7720
1060
7054
5176
6893
5867
6690
4113
6018
2931
2494
2252
7792
6541
8048
9243
4488
3477
8381
8220
2342
5014
1156
5724
2977
242
7715
3006
9965
7825
1694
5083
2597
6525
4929
5976
1656
3337
4774
8236
4973
3485
1317
2687
6514
6176
5740
2503
3607
1626
5385
6476
3500
3518
3569
1407
1870
4120
3324
6285
883
692
8267
984
5117
7585
1314
1647
1431
8154
6199
4612
4764
5301
4840
2615
2065
8188
6756
7245
4743
5261
1874
5084
7010
9813
4171
9101
8581
9113
1802
4108
1496
523
3633
7650
8321
3876
8237
1941
1489
2101
545
877
8100
9861
8880
8728
3576
2711
503
3850
2725
5216
521
1411
5628
8199
3706
7092
2180
7123
8227
993
8148
8454
1207
3633
5980
4003
7191
6145
1444
8592
1515
7473
6142
9885
140
9503
1589
9428
24
4825
3530
9227
3662
6291
1968
4479
5717
8246
7231
9011
3301
8218
9271
6589
6096
7185
7574
3270
5559
1075
9012
7512
6030
7772
2426
3362
8829
3151
5479
8497
8438
8651
5526
5998
4907
9522
1034
7539
2648
1165
9665
7355
4332
3148
2159
4141
879
2141
1081
868
8634
2977
6742
7861
6541
8001
6313
7512
2484
2673
5007
8275
3391
4748
6334
1899
2120
9731
5287
7669
3402
5541
5511
6631
9575
1731
5597
4700
284
7013
9788
8384
4848
5373
2517
561
8463
4285
9023
8760
43
6481
9452
201
3622
4069
8393
6100
491
3252
6267
7423
5681
5227
8545
8064
1955
196
1634
9558
5885
2036
5939
8866
8854
1231
9995
203
7433
4701
7908
535
4736
9930
527
4351
4050
9833
8044
3941
5825
6143
3277
9006
3364
4867
1144
3250
9310
7149
3172
2480
8267
6744
5765
715
4833
9941
6997
1350
8733
8614
3692
3059
7923
4118
4646
960
7513
7336
5006
63
3101
8868
5716
3935
7352
8758
581
8304
1652
8208
8978
1297
5537
1205
1545
6219
7896
9275
2181
764
2258
1528
6201
3605
3455
8870
1272
834
6659
9249
5882
3724
6099
5744
3658
4221
4743
9884
62
5735
4587
1917
3320
9254
1616
368
1031
2600
7860
701
7544
6640
6775
3309
9903
7823
3151
1852
2140
1662
3782
6798
6677
4259
247
7678
2968
8050
967
7713
7087
5335
3536
4449
6385
6024
8181
8383
5202
9127
9161
6071
6459
6485
9991
2128
1230
9249
3774
7987
8977
5414
2380
5690
6913
3835
6703
6545
5191
7304
2873
1324
1521
8450
7563
3631
5806
8701
6141
9544
7195
2568
9067
8100
7752
3785
869
1282
6240
870
8433
6388
9536
2908
5165
2323
1838
3086
5007
1695
4822
7680
7022
9356
7937
2407
9931
8158
8023
1087
6590
4371
7548
6915
780
3959
4652
1098
2771
5772
8370
6384
5136
6082
4955
7817
8209
1323
6606
1978
4401
6764
9216
828
5231
7798
8641
5963
8685
8118
7459
6569
2513
4212
1744
6347
8150
123
3571
9784
6578
3241
4671
7254
9010
5922
8253
143
2500
3167
7666
2965
2550
2908
5180
1073
5863
510
3383
9658
9735
13
9593
3605
8778
4583
7776
617
8419
1089
1143
3132
3271
2023
8463
59
3239
5832
2852
7686
8307
2696
7381
2628
9644
7100
3945
822
7812
41
51
7741
1350
3077
473
72
2941
4518
6217
416
9782
1468
7894
4810
5612
5946
8276
2773
2882
1374
5891
9024
4005
3049
1397
6715
1994
8843
7657
9296
8769
8291
2100
749
9665
2359
8405
7072
8699
2631
6186
2626
7746
3330
5115
9881
6524
6434
1741
7415
9800
2835
1284
6516
2162
2669
5670
2467
8135
6648
4356
6716
688
1790
502
8773
455
4016
701
4804
109
7499
1994
1774
3473
4973
5063
4193
5654
9075
5003
6864
5697
2673
402
1973
2740
8452
79
1281
361
1315
7791
2796
4328
5638
9941
274
2999
363
508
7499
6431
952
7905
6350
114
6552
3535
4916
2647
8745
9713
592
8758
7308
8840
4899
3248
3751
7767
829
3521
3854
1470
3731
1930
3098
3180
3983
2687
8982
7486
1854
8464
8632
3396
1699
4603
9450
5699
655
7141
4849
3952
9131
1763
7982
8400
521
4538
6198
8640
3648
1018
5467
9895
651
9898
7514
8499
1387
6089
8806
895
8650
3751
5593
9159
9614
6624
4776
1557
5962
7840
4159
1728
655
1982
2153
8792
7681
7976
6215
3133
7047
6043
8982
7928
8292
7108
9235
7726
4486
2944
3876
8365
7010
1948
6932
6909
8753
1502
2149
3976
4139
9282
5717
6903
4342
7377
1203
2480
9600
4714
3168
4717
7764
9038
3776
1129
4426
3408
2491
727
1960
2112
4813
7063
7835
540
5857
4531
7940
7567
8997
5143
4876
2680
4468
6858
5903
933
6222
7721
3028
8599
2594
3890
5658
8966
4740
5715
952
4443
9827
4253
5245
2392
1975
6897
1359
6854
4192
7602
1735
8381
9856
7957
5237
2794
677
4798
3561
4902
4859
8089
315
4268
1142
2019
4188
2495
5901
9787
4542
7598
2387
1913
3046
9097
5349
799
1747
1920
7280
2954
3310
3402
9150
8463
1271
3576
7840
5272
4441
6199
9348
7490
513
9070
6924
947
6779
8035
5351
9416
2769
8569
3772
1009
3637
3558
9867
7898
6849
4763
7354
246
437
4232
8097
5363
5684
4672
195
4729
5090
7848
520
2514
6384
9661
1566
6552
13
4800
3047
9831
900
689
4028
3119
9097
3133
2997
8824
1752
8723
9073
2169
1634
2189
9529
278
5232
1092
3176
3492
2888
4184
1846
6022
3398
3164
8949
4320
2818
4121
9084
3329
9108
6620
7442
2418
8649
7891
738
8043
3645
6230
2350
7430
3124
5703
4301
9523
3003
5615
912
8173
7884
4824
2171
7438
9018
2069
5326
103
9867
9512
8991
149
544
4863
2431
3488
3130
8773
9390
3
1187
4129
6024
3265
2963
544
3697
7249
7870
7747
3115
4730
4402
1060
9734
512
6650
2396
3799
7914
6083
2108
873
1206
6220
6852
8537
6188
5525
879
1231
4221
4588
9675
7298
5842
3928
1599
8152
5737
9308
6365
8956
2136
6745
7504
603
7885
6723
304
8904
846
1934
727
8875
4899
7504
1439
7203
4146
6257
9363
1017
9683
3186
5174
566
4320
6440
6045
2961
6525
297
7806
1213
9348
4844
1984
6714
4747
5936
5548
910
91
5569
7851
7407
9329
3384
5329
2156
4601
2522
8103
4274
3833
7406
9398
5144
472
8321
4381
8263
6434
1330
4887
738
7632
9767
4109
6924
4874
6938
1908
1517
9178
8391
3400
9068
4568
2547
4209
7334
4104
328
3844
7110
3706
4201
7582
7035
8835
4166
7931
3447
258
118
2151
6546
3932
6709
4394
3121
5558
5158
8444
2796
8941
1854
2088
8418
9121
4667
8824
1523
3215
2184
5665
5796
574
6822
8621
377
3296
8725
2296
6558
7737
7522
7221
6578
891
9546
8226
8650
7197
9893
837
9415
6223
2587
5133
9890
4957
5306
6341
8833
3728
7615
8701
9181
6621
6336
6785
9424
6915
7507
13
3118
5363
1541
600
8243
44
7591
8002
3645
8081
1995
2614
1597
4894
4278
7996
6855
3751
3002
3364
9006
8734
7297
9373
2987
5950
5983
9081
9711
8566
1719
919
464
645
3588
8103
4693
3809
8831
3348
1086
3937
1823
5844
2717
3739
1755
6322
1668
147
1682
7578
3260
9261
7736
653
9108
8820
7538
9898
2573
4694
777
7658
4944
3805
1672
5956
187
9214
9740
7872
9995
3449
9781
7217
5390
2026
9732
7830
6401
1920
4267
701
4536
2970
492
3067
6805
238
792
7128
8272
7316
2610
1053
1165
9083
0
9317
7507
5178
3287
6440
6198
4201
9293
185
1644
1373
112
2381
1742
2505
4922
1262
3197
7999
8518
7710
6438
9437
4822
1926
4899
6877
8668
8963
8010
7077
29
1993
2945
7144
4317
1504
9810
1923
9759
1005
2251
1613
8300
7109
2141
1958
7122
3306
5539
1697
2228
6443
240
2298
3590
4685
9662
2418
5829
8143
4930
9388
2517
9541
5104
1366
4448
6322
1451
6398
4104
5239
6791
4588
650
6269
4999
2058
2140
1661
8494
1995
8727
4323
8360
4210
6686
4874
4662
4156
3322
1290
2905
58
2198
1126
5271
89
9385
7665
7067
9840
6204
1098
786
7206
5895
2507
7688
4002
2802
633
3512
4226
2123
2599
9170
521
5002
7874
2094
4774
5350
3788
4519
7997
4210
6731
6853
3422
7959
1996
7150
4899
2819
4577
5316
2532
65
2657
2154
6504
8289
4325
9461
7073
4722
4004
7426
347
8766
435
6788
7938
8394
8468
9367
7002
8608
3380
2322
2893
4074
1206
3521
2311
6559
4167
7847
6451
1988
1493
2063
5424
3513
7796
8367
1331
7760
3072
8003
3502
9873
9196
4841
8353
9844
2374
9592
5091
5065
893
4430
4074
9415
503
7206
8147
9224
6792
2033
5524
9179
7353
6522
935
121
456
440
99
5453
3255
1546
4404
9788
2254
5035
738
6524
1871
4555
8367
5543
6064
4733
7233
569
2314
74
8287
977
2993
2216
9687
9456
806
6675
6630
5418
5766
2461
4300
1051
6791
5503
3662
656
1699
4237
2592
5447
4356
4015
4930
6898
6817
7769
212
6834
8363
7320
8632
1394
2961
887
7426
8474
6780
2714
2200
2728
7774
7953
3952
4193
432
2009
8753
3387
2565
9501
2267
1737
2142
7997
6945
1426
2454
8427
5717
4669
2718
7644
1503
1338
6171
6687
5514
5776
410
3965
9335
2876
7509
4308
1131
4161
9983
5651
570
4853
8598
8754
6186
7420
1123
6634
1895
6007
4367
7432
1416
9279
5396
4294
6857
7444
1781
5174
8506
1725
5238
6992
377
2882
5785
918
7872
4637
1532
1948
663
5880
8351
5026
1383
7053
2098
4620
6331
1679
5148
9215
3675
6561
9291
4111
8931
7011
7186
624
6810
9918
2946
3219
6598
4552
8201
4671
5808
1727
286
2431
5090
9982
7214
1266
1436
5615
836
870
200
2944
686
9358
5434
3604
3742
9636
6189
5040
6587
5024
3662
5576
2980
9248
8844
4264
9816
2918
8951
4396
5056
248
5237
384
4148
7770
2039
4785
4738
8961
656
3721
5070
5900
7367
7639
1623
5568
7831
2996
9298
6239
38
3569
2521
8690
3342
242
7350
9479
852
789
3733
7668
7214
8471
9384
4511
5467
4924
6174
6162
7202
996
1074
4693
390
5941
7718
6630
5220
7674
5146
8197
5684
3330
3111
4722
819
4455
5173
8461
6867
351
8171
6451
2880
122
7281
6252
1909
5026
5064
8993
6050
3895
2625
5519
8437
9425
5630
5009
1418
17
3334
5285
4471
6300
4709
3599
5055
7373
4115
1414
9147
4841
4838
5346
7039
671
9590
3570
7673
7209
9777
969
8668
5527
1210
7067
8966
4933
6810
9105
9330
7638
5066
6373
8974
4829
8462
6851
9877
9966
229
5994
9529
6849
755
2937
789
2866
4876
8532
628
281
4012
445
3263
7324
1927
8469
2612
5592
2908
9529
991
6308
140
7478
9498
4200
6954
7633
1370
1645
9192
1552
971
9635
1734
7101
5438
333
4883
275
5680
667
7667
3717
1167
385
5353
5997
9910
3290
6061
8820
5355
5549
6606
8835
2956
6777
1612
1980
8015
7749
3577
9985
7798
3368
6010
6778
8836
9849
2105
9010
2202
5507
4432
5021
2005
6992
5848
2783
8205
8092
9286
8432
3496
7079
827
5716
258
4656
8498
3601
5641
9096
33
9274
8591
2612
85
5589
5793
9803
3948
2231
6031
8155
1978
9998
9473
9191
6625
2433
6963
3179
7013
9144
5390
453
9215
2467
8774
7759
9456
5847
6203
5795
6745
4197
2448
9210
869
6536
5719
2625
9242
7831
2726
1190
1523
6744
4075
7474
6471
1865
7963
6957
5398
7473
7506
6547
7122
1820
3700
2694
9940
7028
1426
2880
9218
6909
612
2130
1019
1904
3276
3071
4442
8197
4222
293
1230
3820
7510
9113
6438
1695
824
8194
460
5870
1004
9081
1436
6619
2919
564
5163
7224
1319
3781
6041
894
6812
1983
3729
7812
8339
9415
3429
8783
6005
8588
2758
4790
1340
2856
4742
2162
5544
3472
9832
3955
1882
8604
5834
6737
6655
7836
5235
3352
7071
6792
9649
3456
9074
6896
5935
5395
58
3905
8557
8594
9982
5441
3258
3349
5263
9557
3120
2224
7305
774
2430
3236
3596
6256
3946
780
8853
1251
9075
136
1956
6548
7668
9844
2854
8921
9188
8998
2010
568
6903
6146
8187
1534
3169
5411
5155
1993
5590
8492
568
5435
4130
9708
1849
7344
6013
6326
9434
2471
3720
4867
3295
9052
1804
1799
8618
6952
5767
2665
6034
2211
9886
1914
9664
4962
8124
3026
8640
4847
2098
3339
533
5886
8154
5758
8365
9203
6543
712
7609
6299
6966
8058
9128
3577
944
9279
7508
806
9769
4567
4088
8315
6998
2077
2718
250
2490
2286
5126
9642
5935
4907
2848
3161
2332
6217
1238
8431
777
4937
2844
6997
8931
6726
8301
5335
9924
3269
4403
9128
6619
5142
119
6098
4911
6277
6991
8188
8569
8659
4205
6979
2133
8014
5166
495
9583
7703
2003
532
5710
2773
3683
7421
9792
9411
1560
2304
4222
5391
6805
8311
8483
4789
3754
4007
9211
5764
5732
7013
5714
1981
6762
3774
8872
6203
3322
5760
8380
7287
6850
5649
838
9860
8752
3080
2074
7970
7127
3448
5738
9744
628
1555
6942
2381
3268
4057
1162
64
8309
7991
5771
1766
7884
5131
8961
3949
7625
5776
6756
9236
5913
214
519
5332
5082
5937
1339
1135
9007
9003
344
3897
8215
2661
9943
3393
6892
9985
2131
108
2593
3323
9300
7117
7703
7227
8753
4170
4777
1619
5634
9800
7067
5939
4091
5201
9734
123
5940
9978
9961
2454
6341
6630
2778
9335
8848
8252
9803
5824
6557
1276
5915
1735
7805
4272
8117
3267
9156
4187
1232
3046
7040
6584
2309
3171
8757
5655
6867
543
6908
1903
8909
1259
793
697
5201
2058
2976
1014
5137
3214
1468
4036
6995
8023
7634
4219
1235
4745
8582
6852
1204
4608
1517
7294
4589
9095
8333
7183
1094
800
7473
2380
7358
9335
1599
5297
5756
4833
8152
7392
4040
9354
6354
6138
5423
533
2371
3979
7120
2739
9344
4216
9822
7517
979
2550
7634
5580
3198
2233
5707
8115
6074
7336
7817
4541
9343
8324
3894
4859
8521
685
8610
7909
8177
4595
9263
2659
8457
8819
5484
8078
3755
5236
7687
2410
1780
4549
5260
4020
539
8448
6654
4448
4652
1024
1281
9084
2944
5977
868
3278
2508
1059
3049
5347
1110
4679
3119
4539
1086
2081
5531
3762
5391
4027
5057
694
4932
7955
1623
6428
5327
3273
8473
5193
5548
1011
8446
2712
4350
6591
7170
7346
9530
1453
2655
9308
677
812
2208
3754
4510
4603
4321
1359
6072
6255
2828
8256
4296
7586
6497
2297
8035
5255
2585
1946
8738
5046
7590
2638
3997
7754
2789
3595
6809
91
5265
7239
9074
4911
6355
6343
475
3632
9917
2283
1589
5129
109
6923
3871
1764
1452
4679
5920
3363
4346
8545
4090
6824
4080
9010
3278
7605
491
3923
8106
630
3429
9857
7943
231
820
3201
6201
6789
1087
2674
9675
6589
5032
1180
6353
4325
6171
3192
4284
4820
9718
9435
9028
5128
8009
9173
5039
6914
4217
9388
9477
4807
7036
4274
6872
6263
2711
9388
9264
5771
8413
7946
6190
6351
8190
701
2034
4802
4330
5036
8921
5090
7041
6974
7002
2692
9501
7562
914
1845
9678
5019
7006
152
2061
1757
4946
9790
8853
540
5744
8086
8635
2490
2323
4568
4040
550
4411
6920
8838
5133
1373
5333
2948
5316
3265
7954
595
7269
9995
8426
8454
8288
7418
5575
3738
7772
635
4465
2301
3330
4436
5296
1930
7768
5750
2411
493
6551
2201
8857
4060
7112
8084
1826
9716
9539
1467
2109
1150
7166
2338
9871
3906
8554
8849
86
2010
9179
3393
3736
3414
2656
7401
400
6440
7233
5171
8582
5636
2388
4576
445
2574
5542
4993
5939
7648
2506
6649
6154
5910
3595
4111
5306
5169
4732
1232
2430
559
8196
3073
8125
4426
9066
996
3897
6922
5795
9539
9736
3859
8036
6735
3564
455
5471
8811
4420
3075
1596
7535
9408
7074
820
8296
8263
64
7670
6569
9911
1724
9140
2403
2656
1585
6603
3407
6024
8417
7957
9690
9474
3942
8238
3423
5451
9920
9802
4573
2239
7574
7800
2818
4185
280
163
990
8330
7133
524
7267
1335
2392
2967
401
2314
5375
1781
6835
8229
5239
5323
6217
5820
9320
3695
1647
2628
5175
2089
4350
5928
2677
8477
2769
7645
824
2008
8961
6361
3284
4484
2011
3459
560
4469
6545
1626
6253
6797
1948
545
3232
7108
1172
3173
5722
9666
2341
9527
3831
3463
7081
7953
4025
820
4639
5988
2128
5016
1742
7853
193
3161
7868
1325
3393
6208
4724
6165
2800
745
1739
7895
4067
9000
4291
6367
8330
9590
4148
5720
9222
521
586
7877
9984
6454
7947
5098
2862
2911
9058
1957
2423
309
7616
8699
5749
5940
3977
3575
976
9405
6029
5669
3139
2205
1649
3543
4731
4969
2911
5625
8623
2412
3213
2053
8837
1402
4414
9919
1097
8461
507
1815
825
3681
9544
8296
2367
1704
5449
8920
6235
6332
1534
463
6720
6150
5819
6266
9175
283
5616
6399
8906
2024
7393
5025
9404
7996
3588
5260
6278
87
9661
4596
2615
6035
9901
4908
1745
5811
7471
91
7590
6662
6001
3834
4533
8065
6587
162
2273
4134
2227
1907
3657
1044
6547
7565
5692
4915
2322
970
9326
2235
4337
1153
439
8915
1523
182
1818
4260
6070
693
5330
8523
3172
9062
9564
3417
7240
4958
7968
7471
732
6227
673
4314
5160
8663
7124
6108
436
4467
3979
1658
8626
1871
740
1878
3101
4849
477
6994
9008
6692
1674
7747
8187
9600
9228
2187
6466
1315
8092
2624
1855
8073
7224
5743
8242
6480
1254
6883
7438
6342
9575
6702
7318
1421
5869
1074
7712
2629
2643
680
26
6426
9281
9423
8117
272
5877
807
1522
1180
1712
4782
3515
4026
4568
6311
8419
7525
4468
9902
6629
2298
987
9812
8548
1793
6754
9429
7495
871
3581
9398
2145
5685
3647
9475
3527
106
5526
8299
2703
7152
7544
5490
2996
5065
7035
40
6230
9886
3325
8612
8730
2308
8732
9220
9051
7814
870
3459
6861
4996
1824
5
8543
3204
3487
3502
4373
726
4320
3810
6504
3845
3873
4699
2688
5837
6722
5786
6323
2897
5952
7491
3351
1207
9010
8600
6611
7923
3103
5596
208
1995
4783
6661
1381
6649
4722
8838
6319
5737
5415
2439
5648
8215
7783
7552
1465
7200
9272
1958
4167
3945
259
4756
2379
9133
9905
7950
2543
7531
6109
6176
1267
9836
2216
6048
6898
8339
9468
9857
5058
2972
2651
672
2884
1664
4784
7272
3921
3914
9605
4720
3693
6788
8251
8655
1960
3032
25
2413
8510
7774
3741
1072
7654
5028
3600
4948
2684
9462
9412
6943
4019
6135
8083
1624
8018
8732
5388
153
5535
8277
7163
8838
9703
9278
1192
1633
7889
3900
1007
6960
7316
6367
9917
1045
8231
5109
1261
5242
8281
3249
9155
7519
130
2340
1680
9415
8570
6016
5368
4316
2253
8304
9753
2513
7585
2189
2791
282
3141
3618
7858
1348
3125
8716
8006
9072
5967
7974
3927
2458
2585
1488
9504
2110
1968
1573
5274
5286
5104
7871
505
768
445
919
1872
976
2634
2528
2375
9537
8509
5154
257
1324
2129
9888
4167
3405
4615
8412
9386
9455
3864
4670
9671
6283
5692
6692
9430
9084
3547
8072
564
8613
7394
8674
3464
3503
5022
4126
4172
3205
6093
9246
2410
112
7731
6962
1974
4570
6153
4153
7384
3875
2558
7452
5534
8759
3594
194
5005
5795
3276
726
2658
8801
3615
7300
3947
642
5331
3651
5738
302
7308
9121
9915
540
8826
8834
9997
3131
8641
2345
4115
8201
6755
7086
6890
9603
2404
7710
7621
8144
9816
5448
2814
7812
4758
2919
7006
6092
9488
3395
412
1461
4035
4273
737
6531
1967
314
2069
3276
6565
7114
9568
9430
5668
2660
2686
66
3388
9183
9079
4600
459
5874
4537
5608
7095
4252
2126
5699
3858
1172
6108
8241
2669
8877
5936
6529
9480
5223
9195
7837
767
7970
2625
2370
1029
7751
9322
5750
8097
7576
4843
7279
6089
7435
5547
9298
4749
5742
8313
4992
5684
8752
8820
6539
2274
5212
3296
4538
7372
9320
1118
538
7296
5357
8081
1008
8383
2584
8822
6661
5416
5842
3722
8733
5100
3749
9331
3679
2480
881
227
7298
3532
8744
7327
6007
504
7002
6005
3994
2661
3485
8070
5400
7407
7502
8756
5155
5297
9886
2332
9980
375
19
6469
2657
6495
731
1489
6
4292
6675
102
3634
4188
5501
3114
8657
5754
3759
877
5790
3148
8184
8116
8048
4678
5322
6422
7804
4844
6399
3700
5559
7662
1509
3873
6444
1775
3457
2953
628
7163
7911
2670
9976
3552
8743
3400
3632
2345
2217
8713
2716
7486
5379
1532
5247
8551
5247
59
9941
1755
2114
8202
4393
9879
3649
8527
9292
4350
2350
5817
8670
9443
9618
960
5531
3053
1846
9760
6215
4947
571
4554
2174
69
8308
6418
599
9796
8959
1511
3747
4481
6670
3734
1713
7452
8324
585
21
1613
1128
7774
4352
3237
6591
3775
5249
8071
2701
5126
6593
8741
7828
1857
2362
4733
7467
1217
1430
8223
6617
253
425
7113
4442
5068
4315
2405
3558
5314
759
5053
2734
1004
6578
5068
2354
2460
9161
1144
1831
3977
4691
5080
1319
7480
9130
840
2529
9608
7948
3048
5141
3295
4187
5063
7718
999
9764
4402
3231
5932
9263
5148
7917
1463
6557
8779
388
6086
128
5821
386
7266
8384
7228
6361
3600
7802
6675
1906
9931
1470
4763
4242
48
7901
5787
2872
1910
7785
2140
7557
8344
9795
146
3282
8627
5795
283
651
285
3714
9409
6147
9368
402
7621
9280
2003
3047
7283
2583
2828
976
128
2312
9599
5706
7953
5592
2591
2119
3075
6767
4675
9968
1515
9164
6634
9208
4523
3976
7772
3663
2210
2868
304
6023
5513
1721
1781
685
5984
1917
9358
314
4014
6035
50
8601
1944
7636
675
5710
7936
9721
9454
8066
8942
2790
5486
1068
7775
5597
7714
5401
807
6461
1387
156
9242
9046
2809
8146
8700
7714
5319
987
8304
6313
6057
2586
236
9235
7775
115
5529
6352
1295
6608
2487
5819
3787
3485
5753
8768
5981
9420
506
2916
8396
5425
2613
3861
910
3348
5247
8004
5366
5869
3806
5168
8182
68
2037
6079
3908
1118
318
3525
5730
1017
7067
6345
4652
5601
3168
9031
4273
5538
11
4876
5902
4727
1271
1478
7370
9451
4845
9222
462
8847
9294
5417
6194
9541
166
138
3734
6419
6910
8270
8663
1959
787
3283
4121
626
8936
6577
4763
3709
6525
8680
8697
4164
4963
8394
9155
7570
7415
3031
7227
4875
7219
3784
7652
6549
8967
5173
4353
2349
8812
3883
4741
9898
7419
9218
2656
1746
3993
8066
5233
7084
9666
9038
1885
1923
144
1484
9810
2003
9907
1367
7096
4660
686
207
6631
18
5629
6168
2227
16
2631
4092
5120
710
1788
1696
4441
9992
8094
403
6
7817
4321
9435
2569
3601
4692
2077
5271
8732
4776
3885
4636
7701
8939
466
3255
6737
8906
3095
1002
8995
5463
2032
5854
4776
2016
5038
5050
9570
8160
2932
8608
2441
4364
4552
5766
7277
3374
2828
7759
5021
1079
7474
8820
4051
3263
1648
2884
7595
7248
9475
3634
1634
6265
8005
8765
5320
6778
8389
9347
8913
4124
74
7329
4400
8478
9183
4179
2920
2762
4780
9674
4637
48
4909
2449
6188
9259
1425
6797
479
4912
6993
1471
3154
7408
9213
7347
1147
4761
8017
247
3590
711
9393
4720
1126
8665
8535
3022
6513
7319
6722
5262
6208
3741
8648
9228
5394
7663
6798
8892
5982
3756
4191
6438
717
8819
2217
2236
8467
88
2261
886
4514
7754
9755
5727
3181
4827
125
8314
9058
3692
6774
4249
8694
3219
4842
7730
8394
4584
1660
2647
3887
2245
8949
4998
5405
4156
5655
1299
6454
3848
5680
9453
1914
5117
9207
5095
1333
9221
7305
5209
3326
8424
242
5842
5802
6532
6017
5805
9893
2208
3679
757
5655
115
2645
3753
7201
490
2467
657
2866
6840
4693
9526
106
3198
170
8261
9517
8305
9159
6373
7883
8442
2990
7633
458
4918
1647
1319
5173
1040
9697
2851
4670
244
3098
6128
6969
1106
8283
5103
4239
798
4357
5481
6487
5081
1549
8980
7231
9772
916
3143
8635
8792
6504
1174
9627
975
2288
1342
4074
8008
1741
7579
3473
5779
6641
394
3550
5886
5984
5778
1803
813
7915
5983
8832
2451
9974
5461
7971
7869
4140
2606
1118
4548
8714
3415
5520
9369
6607
7959
3646
3392
403
9786
9939
1977
5821
3926
9519
6215
1251
82
6787
9294
329
3659
1222
5723
4972
5998
5626
4562
9006
3849
1340
2627
3476
6731
1611
4895
8722
893
5271
5664
166
4679
2114
9397
6593
5191
4242
9414
501
7282
2087
4620
8320
8695
7507
5298
6234
4316
4214
6620
6645
5713
1569
5190
9868
3801
527
8887
2003
6490
8548
267
5617
4438
7154
6780
2775
620
6826
488
5430
6771
966
1354
5284
9446
2282
5219
539
9349
6850
2105
1524
660
1999
8963
8854
9109
9322
3910
2515
5594
8786
8614
3889
7975
4515
6929
714
1317
962
8300
8101
6707
2651
8514
4766
9060
6547
3892
2085
1068
1371
2214
1513
2457
430
9949
6676
9530
7774
946
6380
7554
1438
6050
7825
3309
4581
3795
6660
4934
7682
7516
796
8210
6664
7405
1862
9943
8429
7886
7432
1933
1682
777
2196
6988
5368
8796
7814
5942
6755
7278
8451
6697
2603
2892
5987
3880
4770
2435
5365
6945
8279
2962
124
6069
1319
3528
2345
6902
1489
8586
8820
9614
9343
83
8531
3124
7121
1880
5832
4266
5096
9544
3222
9668
5544
5826
8051
5483
189
8642
9761
2692
6732
4766
1981
6848
1096
7403
5718
1511
8762
7682
6336
6215
8325
2999
6030
5714
7381
4425
7140
1108
7697
2171
5581
7785
3454
6333
4881
3044
9724
3515
9213
4504
1852
7136
7038
4897
7670
357
9845
7301
5104
6157
5303
8052
6719
6477
8797
111
122
3059
1312
6761
8466
7518
5899
419
9979
270
5861
9324
2386
4960
674
1894
63
4019
8535
7286
7483
4064
3677
9394
346
6628
3608
2219
7856
8320
4276
4726
6885
1186
9446
2116
4792
2634
2635
7341
684
5611
4440
6808
7887
1976
3625
1864
8052
5462
2183
6621
1253
6519
7848
6467
9423
660
8861
7971
770
3401
9071
1135
5291
9705
9378
7920
6527
9811
7007
9311
5073
8833
4586
1710
1779
5658
1029
6715
7400
1888
4885
5873
8782
1873
616
8118
865
3237
2968
5040
3639
5607
6064
2098
7207
4172
9472
6226
8859
3317
2348
6425
8430
7970
4079
1486
3293
5931
2206
9486
405
2840
5448
3837
3923
1519
6750
1031
4028
385
8689
7917
2813
6236
4222
3948
4629
4276
2357
4876
1562
5506
7911
3936
5451
9919
3031
370
460
7029
9247
3789
4998
9453
4495
427
5605
5159
6106
792
6067
9137
7493
8941
5082
6195
5489
3236
