919
1196
8732
2112
3839
2622
4372
5595
1718
4773
2441
7834
7111
6099
4528
5854
7201
7732
7925
8887
9677
6408
2037
6678
5776
1944
3329
22
758
288
7596
1022
7000
1161
3357
3391
7548
2121
2919
9921
7457
4847
2196
3895
7947
1226
8297
8635
3733
5578
6042
8688
7385
9539
3802
2594
9786
9665
3019
317
2080
7063
8747
3639
9752
8042
4817
27
2041
4931
2576
5541
1533
4576
7485
245
7186
6313
493
6616
4816
1991
8436
2977
9037
3481
8832
6419
9597
1335
3002
3913
8644
5319
8420
2967
7686
9575
6579
400
8635
3314
8970
6688
257
1271
7844
5134
3559
5637
3982
7423
9014
4537
4341
6414
8078
8332
3502
1164
7259
8552
4263
97
6970
9769
1638
3957
9776
9695
7285
8024
4407
9606
6763
1415
7290
6071
2864
2617
2496
6255
5000
3609
2024
5686
6615
7579
722
7529
1721
6784
5814
1789
4091
215
8559
7578
1605
5282
1187
18
6541
1713
3286
9472
5065
9342
8790
5912
5125
7963
3831
6880
7754
7045
1712
8065
8415
4943
9331
171
297
1545
8288
1738
3022
9508
8010
1946
7388
7970
279
109
8702
8590
7977
4555
8985
7888
2497
5518
7405
7169
6587
7434
1415
3057
3351
996
358
8177
9121
5262
2920
4361
3132
3212
8544
5551
714
8859
6461
6274
8326
1551
9676
4971
7697
9553
2315
1966
5772
4447
9128
5568
5821
4249
4480
9268
45
3326
3200
9836
3182
2866
7793
3113
1100
6577
559
8292
5108
2010
7152
5759
6906
787
1727
71
6731
8711
6337
2165
7582
4162
7084
553
6543
5937
1543
4185
3356
7550
1025
2368
825
7175
3884
3934
8584
1726
3596
6690
4510
868
5956
3618
8004
5760
1287
7587
8814
6713
9784
6405
9423
157
5400
3385
9714
4936
7416
500
9123
216
9931
5494
4244
6495
813
6487
2387
9584
794
6963
3517
6928
4744
6225
1800
1343
4783
121
2333
9004
4910
74
195
4102
9765
5118
5296
9698
3659
8127
3476
3620
7239
8932
8502
5139
7378
207
942
6168
4629
7427
3979
3119
2850
8894
7159
8551
7464
1448
1337
6517
4705
9627
12
1050
928
1615
7390
2563
2479
1958
4045
3798
6195
5475
9837
2241
3713
6516
6974
4166
9412
4944
5533
1367
9036
2889
9815
2555
237
1651
7387
9816
6246
4683
7974
6660
2432
2671
6438
8278
3017
9349
1369
9795
1190
9413
7281
2483
2066
2034
6618
7077
536
7969
5723
3339
8347
4634
3245
4464
9513
100
7214
7656
5171
3574
8872
9480
7627
235
3488
8200
5015
2335
5491
9234
8478
5321
2614
3730
1227
7744
9969
871
5479
1198
4675
9337
8845
2177
7243
1923
5066
1277
1195
4948
6296
7394
3842
3252
928
735
1542
5141
4870
9562
2762
5168
7420
2182
3621
6586
9579
9151
8084
8196
1578
6819
9353
364
3230
3857
9194
3475
883
8461
7656
5155
5353
7510
9956
4265
8328
6503
8964
3896
9065
2963
7821
9219
7212
7877
5685
866
1788
2403
1429
130
5544
7364
2381
8349
332
4214
3031
1727
4039
263
7995
2081
6873
1553
3781
8750
2190
1308
9969
2426
9988
4138
5795
6014
4138
9013
6690
3967
4111
1401
4768
459
9750
5163
431
9542
1506
2115
897
303
6577
5007
7625
6090
3195
2886
3852
5305
5262
4974
7167
8701
9133
5482
9668
3904
4326
1116
249
6173
3361
879
3508
7506
262
3396
7191
6064
6887
6113
2500
9579
5385
7972
7728
9737
9607
8549
7120
7363
8987
2123
1192
8223
2679
1024
7870
6973
7008
4159
2246
7864
4483
462
6469
8490
1641
3753
5901
633
6550
2030
7164
6220
5092
6475
2846
7801
627
683
4323
704
1045
2
2394
7192
4456
2004
7038
3337
3295
8459
5713
3634
1774
4698
125
1433
3496
5690
6446
9441
1531
7766
3573
1487
8967
7813
9277
6750
2403
6420
9315
997
7157
413
9600
6354
1297
2163
4994
4731
5452
5915
9009
8333
8733
4076
9264
9596
3793
2292
2042
8207
9747
339
2207
3355
2830
5056
9304
8602
6263
1270
7340
6387
2166
756
956
500
5764
7778
8900
2389
1688
1599
2331
22
1545
2005
9117
3463
3932
7727
468
6388
1798
140
5485
7403
6961
5687
6230
4219
8387
957
7238
124
5341
9160
1820
8639
1269
7407
3623
4203
1447
701
7542
4830
1195
2782
3916
5259
566
1319
4894
4551
1635
7430
596
1502
1030
8097
5249
995
614
6758
2617
8220
4976
8727
4746
9831
4559
6364
5285
8188
6215
5822
6319
8743
9215
5536
6901
1010
9191
3201
9253
9915
7135
6057
17
9287
7023
934
5124
9976
7376
9302
6951
7158
7218
5867
6525
9681
609
932
5014
7215
827
9625
1623
1296
2074
9138
6780
5134
4494
6593
3207
5059
5543
9390
4743
7424
5187
295
5694
7383
3783
5853
7639
6629
4171
7741
7302
2500
4873
7285
7884
52
282
7829
7488
6176
9178
3103
5625
2589
2443
1658
1663
4782
8795
3498
5201
1660
7968
9779
6199
5551
9818
6062
3998
2319
6246
3808
6759
4133
7936
156
2062
3681
7076
7563
2128
3752
9532
9452
3217
3539
9154
5980
3876
6142
3740
2539
4865
6663
6977
8391
9421
8284
5682
1208
4203
3721
3779
6464
2372
446
7539
6207
3137
1916
4031
6062
9370
505
2009
570
2835
5570
1508
6629
7111
6649
2225
1386
1557
4660
7942
1287
6653
5627
3259
1902
6182
2002
2895
5794
4737
6479
2990
7154
8653
5292
7635
4726
3403
382
4267
8014
