866
5544
2264
5049
7582
5136
7462
5647
8870
3096
3274
8001
6437
9179
4001
5467
4884
5161
8211
6787
8758
4576
2516
2563
2211
1657
4895
8951
6913
8767
8596
1920
4877
8033
6658
9640
5175
2571
8942
8422
6037
2491
3124
6943
1640
4615
6682
9921
2671
2973
7224
3392
1821
1409
1325
3316
3973
9097
2985
6658
7518
5204
2992
5557
2862
8870
9478
3812
6431
1012
7311
8180
9932
7141
2095
2778
6072
3470
1424
3889
4633
8437
8060
7521
1673
1550
1128
5998
2621
9054
5606
3300
9195
6460
5054
8003
3051
6986
5827
8817
4020
7480
8160
1396
3021
3597
2575
3448
7606
1882
6512
7880
9525
1682
3122
4786
2178
3522
4514
1535
5032
1975
3494
8648
5543
4198
8271
2098
5255
8963
5561
7321
2227
1332
7737
9462
2753
5304
6965
9288
5450
1124
6662
8688
4767
3070
4918
1872
3873
5861
1131
6334
9095
8492
8772
1246
6700
1671
1648
6636
3850
7871
6991
2049
4440
4674
2320
9163
7693
4872
6823
4393
3587
2104
6670
3856
2482
1431
2560
9404
3515
4711
4011
5012
7309
3134
2705
6561
6154
3453
8114
6639
7590
6012
4792
5004
1377
8261
3114
5779
1206
7373
2849
5680
1576
9447
6198
9883
3700
9445
8718
2638
4610
2144
3659
2001
5173
3339
6528
1077
1161
8011
1323
3631
7840
5073
9628
6749
9548
9357
7166
1319
8185
5175
6191
3140
5214
4688
8210
2698
3248
7690
3526
8459
8437
2695
6417
6531
4882
3241
9860
6833
8282
7634
2344
9429
7740
4190
2970
2254
2464
4079
9792
6379
2339
6813
7588
2782
7570
1052
2552
1877
3809
6847
4951
8207
8055
2628
8594
9492
3826
8745
4205
2897
6524
9197
9753
5919
8789
1427
2635
5813
9070
1701
9041
1135
1523
7395
8849
5767
7870
4338
1176
6120
7664
7574
9116
2806
7804
3421
9863
1681
3386
7389
9024
9284
1608
8287
1616
1352
4360
3156
9520
5527
5931
2445
6655
2963
4628
4041
4156
9235
9755
1402
3504
9481
8599
6523
3082
1722
9789
8969
7436
1917
5529
3488
4904
5820
8836
2163
4865
7635
2639
9853
2056
5847
3646
6232
1073
2181
8511
6862
5705
6326
3400
7729
4445
3850
6500
8038
9581
3230
7852
2019
2502
9544
1710
6066
3292
5437
4084
1074
2573
6129
2487
9804
9852
9697
8005
2915
3932
4431
1485
4967
1175
7883
7991
7613
4551
8191
4113
9995
6218
6498
2540
3321
5432
2809
3572
1071
5324
7421
9397
6419
7620
5454
7733
3222
1066
7645
4382
2478
3606
4186
9855
9008
9536
9357
8071
7429
8816
3033
8488
4314
2616
5990
5551
2005
8261
5619
2940
2374
7233
6090
2705
5257
1251
6789
3386
7267
1966
5660
5870
1710
6254
1877
4007
3766
5677
6397
4250
8501
9627
8713
5593
5624
1029
8684
2175
4674
9937
2179
9631
6061
2834
5427
7151
3663
2038
7183
6282
1487
3205
5917
7651
8855
5889
6165
1547
4265
6380
9638
2774
3073
3351
5877
2608
4595
6907
6604
2221
9733
8836
1007
9548
5497
5596
8139
4527
4434
8727
9372
5648
7163
8307
8184
5102
4730
4968
7827
2988
3920
7116
9168
2458
6875
9071
8732
7391
3424
3916
8177
3935
1426
3048
9825
9587
8689
4798
1669
1334
5640
1481
6591
5096
8061
3853
9265
8146
6814
9005
1781
7495
8231
8176
1202
1487
6786
3968
7552
3623
2981
5924
6893
1400
4103
2938
6838
2836
8424
4258
8646
8940
6526
6026
9899
8543
5103
8876
5013
2336
6820
8694
7734
5170
5495
8634
9434
1573
8093
4840
9942
7130
9124
1431
8793
3931
3214
6466
2882
2586
8695
4154
8273
5368
7255
9178
5502
8555
2439
9967
8412
5179
2227
8062
3965
4399
5073
8645
6590
4982
5854
3277
5345
9871
8661
1967
6268
8953
7514
4791
9957
5629
3917
2421
3163
9185
7009
9275
8580
8616
1435
2582
7219
6200
9292
4134
3726
8745
3674
6568
1667
8920
1851
1973
1318
5116
9483
9942
1677
4874
4999
4626
1634
6367
5419
2235
2109
9010
4928
8002
2125
2829
7073
8061
9680
2239
8032
3622
8785
1887
1185
4432
9365
1783
8648
3679
1051
8292
5353
9456
4274
8439
6064
8880
4848
3217
2730
3069
4303
5131
8402
2104
8274
7533
6250
7850
2805
6491
3684
9131
6591
8118
7537
8219
5209
1772
9238
2311
7642
6000
4853
2559
4967
6074
7383
5061
3563
1819
8146
6847
7488
5741
8210
6503
8649
5356
3503
6435
7716
8785
2126
6388
6564
7888
9096
9495
5865
7371
2797
7696
5629
8721
2996
5478
5376
1725
7010
1948
9820
1546
9080
7662
8560
9286
6003
5301
6205
4185
1629
2477
2557
8596
2784
1983
3025
9903
7100
6860
9149
8185
6029
9461
5275
4685
7993
9295
6716
4673
3202
2034
9661
5807
3704
5592
1105
4419
8641
6183
8075
8567
3729
7661
5470
8304
4501
8139
4246
5268
6625
8739
5217
6647
5612
1572
1100
8423
1684
8581
8000
6849
8470
4241
4435
6663
7368
4088
1381
1078
2871
4714
5923
7033
5149
9741
7146
7178
1890
5996
6128
6185
5589
4000
9463
1080
1237
9012
2182
1492
9130
3492
9048
8134
2344
5400
7982
2233
7308
4446
8238
7168
4859
7025
3301
6853
6840
1309
