8460
74
92
82
83
70
34
66
13
38
34
88
57
81
25
28
39
58
60
75
6
63
90
63
28
23
33
68
77
89
10
31
14
82
96
80
65
70
13
56
65
72
34
25
83
37
82
82
57
96
71
95
99
98
31
53
24
49
71
66
37
83
67
17
11
55
68
76
31
47
47
100
50
20
5
13
89
76
12
81
30
88
53
39
99
5
11
56
18
33
69
58
34
22
8
83
74
21
1
6
53
68
27
39
12
89
9
21
14
52
79
11
89
7
23
82
97
62
89
87
69
87
33
59
47
17
80
81
77
33
39
90
56
89
19
90
45
29
13
68
38
72
97
62
60
77
25
75
82
100
26
77
85
100
85
35
95
60
47
18
50
82
61
33
4
17
30
52
16
43
63
3
14
97
5
30
83
47
14
22
29
8
61
17
50
49
13
95
8
6
48
6
76
22
100
26
82
85
80
76
18
33
91
63
54
78
60
69
88
60
69
38
30
67
72
72
43
16
71
68
28
84
68
77
60
9
45
10
60
61
3
14
9
31
69
96
7
46
60
97
48
32
88
43
40
65
11
72
37
24
89
97
37
65
83
93
50
39
91
43
47
52
100
85
34
20
8
66
4
42
82
26
80
23
59
60
10
83
28
93
14
65
65
69
18
76
91
51
37
37
80
88
30
68
46
65
43
32
64
50
47
86
74
90
100
32
29
64
7
43
27
96
17
89
84
60
71
35
50
13
74
15
92
45
98
7
46
32
75
78
73
95
47
5
92
93
62
38
80
83
25
49
50
75
71
51
91
64
19
32
12
31
10
17
51
33
63
21
92
93
21
83
8
38
79
48
62
12
16
85
2
68
80
20
22
95
57
26
50
3
1
80
9
50
27
91
62
80
15
49
1
85
77
3
46
25
54
99
3
66
99
72
67
52
45
100
70
85
33
96
53
48
99
48
48
94
27
71
84
27
15
75
20
89
66
97
43
5
58
22
39
55
28
55
5
47
16
34
86
89
86
71
19
82
52
4
98
80
37
71
57
40
7
52
45
38
67
87
1
27
79
14
1
16
23
51
82
95
37
82
40
5
26
26
64
22
22
88
32
64
21
26
1
13
59
73
60
54
89
84
70
7
49
48
74
22
5
59
93
59
15
5
93
87
20
61
12
70
8
41
83
91
34
37
16
82
20
50
38
18
28
66
66
97
57
90
23
2
56
94
2
63
86
100
37
41
62
76
26
99
6
86
94
9
75
18
21
32
39
9
58
81
95
30
72
51
62
71
81
27
76
25
92
88
50
63
63
7
65
45
2
58
8
5
17
78
17
29
33
18
62
6
74
50
84
18
53
96
12
59
85
46
30
77
99
36
26
28
96
27
35
22
4
55
21
18
44
27
75
82
44
91
15
34
77
65
36
36
84
15
22
26
79
22
74
21
79
44
92
14
22
9
72
92
79
56
18
42
83
8
52
45
66
79
29
62
5
19
88
24
95
35
81
2
100
6
51
16
7
42
51
2
96
45
14
19
51
42
62
53
34
32
24
47
47
2
43
65
50
77
37
13
34
75
39
5
88
35
82
64
16
45
56
31
69
51
100
74
1
47
38
53
72
74
31
15
82
13
19
24
9
83
6
93
73
87
78
5
70
10
44
86
30
7
64
72
41
26
24
12
93
87
65
25
38
19
1
66
94
40
54
27
1
99
46
40
94
8
69
4
48
44
62
25
34
67
81
21
25
80
37
58
94
36
40
9
3
22
49
41
51
57
36
77
32
75
81
83
52
77
29
86
48
57
27
15
69
99
63
24
57
30
73
76
70
30
19
60
30
89
43
50
40
23
58
62
38
14
22
88
34
75
40
21
25
81
46
13
45
36
8
97
63
26
28
91
54
85
59
24
54
30
54
61
82
83
82
94
84
53
93
93
45
25
72
8
94
66
31
71
11
8
87
43
30
94
47
52
89
22
48
17
68
33
56
26
42
66
68
53
46
52
59
11
37
8
68
42
57
33
4
3
78
2
50
16
96
79
45
56
68
24
34
9
51
76
50
44
78
2
33
26
91
59
22
43
4
47
65
25
87
58
66
77
98
32
72
74
10
27
79
5
40
55
31
50
59
43
20
2
99
99
70
37
77
100
97
11
9
84
34
78
44
12
82
9
86
51
34
85
75
93
29
83
15
6
53
1
25
88
17
50
57
83
33
20
85
6
75
6
5
11
28
88
15
23
27
21
30
99
36
77
74
60
47
28
78
70
75
92
12
16
63
77
13
68
32
12
96
37
10
16
11
15
62
57
80
75
68
96
37
62
2
82
82
93
78
36
91
87
99
69
51
50
85
12
41
66
39
77
23
35
38
6
46
40
58
27
40
38
57
29
52
55
4
50
85
44
6
55
58
24
15
24
17
9
87
12
25
8
100
67
57
95
28
15
84
76
29
4
64
82
17
92
11
8
1
66
21
67
4
10
49
90
78
78
88
30
29
72
10
24
69
39
62
26
99
26
69
7
82
63
25
26
50
34
1
38
65
8
79
73
20
33
58
84
49
24
65
74
70
98
67
33
30
78
68
36
61
14
47
83
28
59
99
54
100
91
50
64
70
12
43
68
2
16
68
88
76
16
33
10
41
81
37
26
65
54
92
4
42
64
77
43
5
9
77
61
11
96
3
41
42
48
42
83
1
68
37
69
93
100
52
80
70
47
73
57
27
84
27
59
64
7
28
44
81
83
51
35
43
43
63
26
14
7
78
83
44
36
1
92
40
12
71
12
4
96
9
53
16
43
24
17
52
87
46
73
82
32
77
13
68
94
70
94
26
94
69
13
38
82
28
74
22
83
29
47
88
61
30
94
40
1
33
100
28
70
68
30
36
69
90
87
56
46
4
54
20
33
50
16
5
91
47
80
18
2
73
60
1
57
87
2
32
60
50
53
62
15
85
82
52
70
77
82
23
73
27
78
46
8
28
28
50
3
11
30
50
59
41
63
56
47
87
92
70
24
92
56
94
36
8
35
10
58
12
23
97
18
95
9
7
13
68
73
71
2
90
24
42
89
83
19
93
58
79
20
93
58
38
67
21
68
5
12
80
89
73
25
75
93
87
39
62
75
18
90
76
32
3
9
48
8
26
96
89
66
85
56
87
28
39
73
9
98
6
29
5
33
29
43
27
35
63
93
41
87
75
38
69
56
56
91
20
97
53
49
3
19
69
92
54
24
82
69
8
95
82
60
38
96
65
35
76
100
65
1
17
62
29
85
72
5
22
96
84
56
74
3
40
13
48
7
5
76
79
57
23
59
16
9
60
10
55
68
25
14
78
47
48
82
45
60
95
22
91
72
7
7
80
2
84
92
64
32
3
89
48
40
67
17
92
28
87
63
79
92
44
79
24
5
77
45
18
57
46
61
50
10
62
92
46
62
46
45
40
83
47
80
43
7
39
85
15
29
14
88
10
47
59
77
44
46
91
10
22
88
57
29
88
18
41
19
1
9
78
2
49
24
94
56
96
42
2
36
5
10
40
48
56
18
83
46
8
4
42
73
20
33
100
2
78
45
30
59
88
10
92
100
27
18
76
74
5
67
88
36
31
63
65
5
76
15
97
26
22
43
18
7
26
94
42
36
58
49
92
98
1
97
20
71
17
86
1
78
24
22
92
35
9
72
7
50
93
27
81
37
44
62
100
97
67
85
99
45
43
59
39
86
21
47
7
72
86
13
63
79
2
70
58
37
28
44
88
78
52
39
14
18
46
49
41
97
54
40
73
89
35
7
59
37
79
41
71
25
16
24
14
99
27
37
16
28
70
92
91
61
86
69
70
83
89
4
25
57
25
52
7
83
84
78
28
31
86
17
44
19
32
61
47
32
100
73
86
100
45
64
63
32
70
95
78
1
8
88
63
43
88
78
10
47
90
84
45
57
22
42
27
18
12
69
26
11
11
12
61
18
95
27
51
9
29
90
59
72
7
98
8
43
91
80
45
15
49
38
43
22
12
97
77
6
10
32
6
100
44
1
92
73
20
72
58
66
12
10
66
79
98
41
5
29
63
38
23
50
68
64
45
23
23
99
17
30
1
82
1
58
2
29
5
39
63
22
94
32
73
42
59
100
71
84
44
75
63
35
9
89
21
55
18
69
10
32
64
68
63
83
18
1
25
46
91
21
31
36
100
25
51
64
77
100
80
18
39
28
98
72
91
66
50
8
82
76
57
52
83
42
44
65
90
44
42
62
15
77
41
46
6
87
83
73
43
80
7
77
99
80
57
38
67
80
30
8
83
18
60
59
87
3
4
7
49
52
76
50
42
75
12
3
86
37
80
69
88
15
1
37
85
48
89
62
34
20
65
27
36
23
71
32
90
56
2
28
92
51
69
25
76
20
89
78
33
100
33
86
45
57
42
48
30
66
60
8
8
85
47
51
18
60
61
67
41
23
37
100
62
37
9
38
3
91
7
58
61
98
18
66
47
20
72
64
9
69
14
64
99
7
89
86
88
65
61
22
38
19
58
3
95
74
11
77
62
1
54
58
49
2
6
59
69
1
40
24
13
99
9
34
58
7
62
93
72
59
26
85
37
30
85
37
42
13
26
65
6
93
27
81
90
75
95
5
39
24
88
68
94
80
34
93
7
55
45
25
36
75
41
2
30
19
3
72
22
95
76
81
10
42
70
41
60
76
98
40
59
4
17
31
96
49
64
71
49
25
95
22
6
86
38
80
10
23
62
49
45
78
15
2
28
31
77
52
11
15
39
66
78
6
30
26
73
54
24
94
85
6
24
5
62
90
32
46
41
32
45
50
19
21
79
60
18
22
25
79
24
71
89
49
68
85
34
48
73
99
72
51
65
48
59
39
64
16
41
12
86
77
87
42
21
16
9
20
17
80
70
97
73
40
17
8
84
75
90
15
66
65
61
53
86
55
52
26
21
74
88
4
16
8
71
41
97
68
100
55
28
7
42
18
21
57
67
52
24
62
63
16
54
7
74
59
90
92
28
28
11
86
10
1
73
90
100
42
55
46
80
60
55
36
62
15
73
73
54
62
96
11
19
95
18
86
54
48
58
65
21
26
69
88
44
39
29
26
11
24
79
15
40
72
81
9
82
97
59
33
26
94
69
2
54
95
28
36
39
98
66
21
86
22
41
15
25
67
17
11
95
49
91
7
38
35
49
75
10
15
16
30
47
16
83
100
30
91
48
44
29
93
96
30
78
26
46
21
16
75
67
35
68
55
40
65
70
53
30
1
86
23
62
55
39
75
64
45
83
20
38
13
66
9
81
13
54
31
16
100
54
82
5
69
31
14
45
39
12
57
13
30
74
42
38
27
79
46
8
19
52
72
91
84
45
67
30
76
11
6
85
47
10
32
10
3
8
21
23
59
96
55
48
64
20
32
95
25
94
33
47
14
22
12
59
50
42
50
72
21
74
30
47
28
27
72
93
87
36
18
17
22
9
11
12
37
62
67
37
21
7
10
24
88
41
36
73
95
64
44
3
75
16
26
23
63
46
14
27
50
98
12
27
42
26
69
6
23
70
84
71
96
75
22
53
53
70
70
68
29
65
61
66
66
37
3
26
93
95
59
88
38
88
90
68
23
97
97
96
66
77
83
40
29
21
91
32
16
92
15
1
31
5
23
48
11
42
79
61
35
15
19
67
11
32
68
17
24
48
35
10
17
20
46
79
26
43
20
5
96
62
19
72
58
13
55
46
12
10
71
84
35
43
89
35
28
62
48
32
1
99
11
2
18
32
89
25
48
19
52
89
87
39
31
27
31
83
61
52
32
68
77
31
17
20
48
92
4
50
40
49
8
61
58
11
1
59
54
39
4
68
11
82
97
52
24
44
74
38
47
31
30
63
31
67
41
10
52
21
58
86
90
71
92
58
78
71
36
38
72
54
21
25
62
13
48
19
3
30
75
2
91
48
64
86
32
19
71
43
81
88
57
94
50
18
4
14
7
100
100
12
52
97
88
40
91
90
98
1
83
11
56
52
11
53
49
87
76
87
99
83
80
91
31
63
30
42
92
80
74
11
78
2
58
18
1
77
90
67
78
16
38
87
23
35
18
10
71
87
75
49
42
31
24
18
34
91
95
42
93
53
66
30
88
54
36
75
57
86
80
83
58
37
50
60
58
61
99
18
52
33
14
89
4
19
38
19
6
27
48
33
94
63
73
3
1
81
33
91
92
22
6
99
80
91
92
95
84
34
25
33
5
22
52
21
28
18
28
11
50
85
11
84
57
73
42
19
20
74
54
5
94
11
63
48
39
14
48
74
39
35
12
96
30
49
85
54
8
67
74
62
29
33
68
24
12
23
31
86
30
31
21
72
76
17
50
77
99
74
26
23
1
32
48
71
81
70
77
70
63
25
29
87
89
69
9
48
98
7
88
87
33
89
45
23
40
49
65
66
75
91
87
12
11
88
19
44
13
45
43
14
85
70
16
83
16
69
58
78
75
53
47
62
40
97
45
41
42
84
82
57
3
15
33
63
54
30
82
16
82
78
89
82
70
13
12
60
28
39
59
12
73
75
69
8
16
79
51
36
35
75
95
36
59
6
96
81
37
10
88
97
27
48
45
72
80
96
98
47
16
6
77
17
15
10
72
8
62
27
74
15
2
57
24
84
58
52
38
86
2
64
58
29
77
50
67
66
9
95
95
73
39
71
84
39
78
44
56
83
62
51
47
38
70
60
9
40
44
51
19
3
62
80
40
70
24
72
82
66
93
76
70
61
65
50
87
59
67
92
91
93
92
78
43
44
32
21
84
35
70
20
71
89
31
36
92
17
23
13
29
60
83
33
39
37
83
30
79
61
76
35
78
72
36
6
72
26
72
97
37
83
84
98
43
35
77
21
22
90
41
80
92
44
71
32
49
58
14
18
32
38
82
43
16
64
28
61
9
51
54
7
82
10
28
30
70
2
39
100
47
6
80
92
71
48
55
80
12
73
3
39
36
51
91
23
11
2
47
38
21
39
58
30
70
14
8
55
36
85
86
64
74
62
13
3
54
40
86
70
86
2
24
35
21
27
72
95
81
25
72
19
42
80
90
14
70
7
9
96
59
72
47
79
59
58
7
4
68
2
35
70
64
96
7
50
13
1
5
92
79
18
17
77
9
41
21
81
32
61
20
45
14
51
29
16
76
1
51
99
51
34
6
73
50
63
10
23
87
67
27
84
38
35
86
68
13
39
80
63
17
32
97
53
59
99
84
75
12
35
18
79
73
83
25
38
95
70
55
61
10
86
49
66
6
58
35
27
93
38
65
75
87
48
54
59
25
48
44
54
34
54
23
99
55
42
78
60
24
83
52
30
74
94
74
42
64
92
14
52
49
96
79
28
66
53
18
56
31
1
61
5
65
51
18
34
35
53
64
59
12
15
86
22
65
10
90
57
88
29
16
4
87
70
65
10
55
83
76
40
46
47
56
25
26
76
24
95
2
34
25
81
58
99
8
15
41
27
48
62
90
88
49
40
5
79
34
22
44
77
14
82
29
49
24
24
25
4
25
48
4
5
79
72
6
74
87
68
78
25
44
3
70
13
90
49
51
43
88
92
61
7
20
46
24
15
11
3
76
71
4
13
62
79
3
54
9
78
68
80
74
64
92
14
37
70
87
93
85
50
2
10
89
36
23
33
85
40
91
35
70
48
39
26
72
15
40
50
93
54
34
23
14
66
3
16
22
69
89
38
16
39
12
25
90
55
77
19
51
52
9
82
78
74
8
27
35
83
31
48
27
7
37
75
39
81
6
46
29
42
74
10
46
53
90
92
43
29
52
5
24
67
53
34
6
56
61
53
86
41
19
55
27
41
53
1
27
55
50
64
54
86
87
35
19
75
77
95
5
96
99
68
43
41
19
5
32
67
100
93
33
45
67
76
24
73
27
96
58
8
91
18
54
23
88
73
34
31
3
10
78
79
93
77
10
37
75
25
28
51
90
89
97
64
33
94
53
21
25
97
100
14
1
49
49
89
82
97
46
58
49
62
72
17
91
26
25
34
55
6
19
72
8
60
86
1
75
70
23
15
63
76
21
84
63
22
74
98
54
82
13
55
63
68
71
58
76
98
21
82
96
85
37
31
20
29
38
32
48
55
71
77
23
84
79
79
51
74
51
23
15
75
88
92
75
29
3
7
62
74
68
96
46
1
30
81
81
28
52
81
75
38
46
92
54
60
65
99
55
79
18
22
80
45
2
5
33
49
78
3
2
42
89
74
16
56
27
85
33
30
85
45
22
21
100
14
30
58
11
3
41
33
35
94
21
4
62
26
69
62
13
97
56
90
54
16
90
74
47
51
88
11
20
3
57
60
92
23
59
24
7
50
7
61
82
35
91
51
73
58
56
3
26
84
86
93
40
73
80
38
10
48
82
60
54
21
10
7
61
4
55
12
76
21
36
39
42
80
4
12
52
23
34
48
92
53
24
46
31
11
19
63
2
83
3
14
25
68
52
57
10
64
47
75
71
82
73
44
53
42
12
59
48
4
3
89
87
65
99
64
94
12
63
51
71
66
32
31
31
12
5
11
87
35
33
14
84
6
83
2
5
81
59
33
41
34
35
64
55
12
84
73
3
73
82
12
94
66
94
93
97
29
99
40
16
30
50
11
2
1
84
47
69
80
5
58
59
10
34
4
44
23
84
17
81
14
19
41
7
30
68
70
97
93
26
80
10
2
16
38
87
15
92
63
10
20
45
64
43
36
32
13
37
94
1
97
100
36
18
31
10
37
99
54
93
37
70
52
66
32
87
91
92
62
85
33
13
8
66
47
44
22
99
97