1987
65
83
84
51
5
78
4
9
33
66
80
35
32
83
36
46
48
32
78
70
81
88
17
31
12
72
88
88
75
60
27
29
25
8
10
41
72
1
42
10
88
5
67
59
54
55
38
62
57
76
21
52
71
48
63
97
69
37
83
86
2
93
79
17
32
88
18
64
5
99
37
16
97
25
64
8
63
52
15
71
84
47
87
28
24
22
18
39
87
74
36
36
63
94
14
29
68
42
75
82
41
60
59
66
75
100
23
38
39
96
18
13
30
20
70
75
71
68
46
54
45
49
86
82
90
97
47
92
6
48
1
75
93
27
15
62
90
23
18
11
22
94
36
28
97
13
8
82
47
15
65
95
74
23
3
14
96
78
92
91
41
61
69
21
32
8
80
70
62
21
1
3
54
18
59
20
92
80
72
88
79
42
62
10
6
32
60
28
81
4
16
69
56
16
10
13
69
15
45
47
13
84
88
77
19
42
30
87
34
96
81
36
76
48
68
8
4
100
49
85
4
58
75
33
23
59
81
18
100
79
63
55
15
14
14
97
40
66
12
10
28
60
69
87
63
87
53
5
91
54
66
33
90
58
30
54
51
49
51
8
49
76
6
61
54
33
12
60
48
94
14
44
99
86
67
3
74
87
48
35
61
90
77
66
6
76
65
40
90
75
82
100
3
1
98
59
56
52
24
74
85
38
13
40
89
31
48
98
2
12
7
34
94
14
46
45
38
84
5
96
38
100
64
77
67
69
82
41
69
42
54
93
19
6
17
35
84
82
13
4
70
39
89
2
83
89
49
35
9
92
83
50
43
80
94
88
64
97
61
7
72
13
82
42
80
30
2
100
29
7
65
82
30
42
56
54
99
58
81
60
96
78
41
52
28
13
54
94
10
16
4
51
36
39
23
31
19
15
69
89
10
62
23
16
96
47
83
54
49
35
31
49
86
97
94
14
75
94
20
89
26
18
27
64
4
39
75
24
19
35
76
62
6
74
91
16
18
37
92
6
28
99
44
100
27
93
4
26
20
75
55
68
14
86
4
77
85
31
12
6
61
12
87
50
69
38
41
9
75
100
100
72
89
94
10
13
8
17
85
80
20
25
40
67
83
44
2
70
8
36
3
84
10
21
20
60
64
9
5
9
88
63
49
18
61
33
59
52
12
22
44
34
24
57
94
29
37
5
75
88
52
74
43
33
51
57
22
52
46
11
60
18
75
24
46
93
64
62
39
85
43
61
8
57
45
56
5
73
42
2
95
71
16
80
53
32
37
66
53
52
63
94
60
5
42
5
91
12
11
89
75
82
48
91
7
45
98
92
41
59
50
38
9
79
68
27
33
77
17
84
7
46
44
80
60
62
71
82
66
54
75
93
80
88
5
97
23
3
78
44
12
80
11
32
17
12
96
72
91
10
98
59
34
53
58
33
82
84
52
50
18
32
37
50
2
54
59
68
68
20
25
73
81
11
74
41
11
70
89
87
54
32
45
91
71
83
43
20
74
41
76
80
14
73
77
31
5
78
91
25
51
62
43
74
36
49
60
81
45
91
78
37
15
16
81
67
94
98
76
24
89
35
19
16
46
3
51
42
75
1
91
43
50
56
92
79
75
29
23
98
63
70
99
64
94
72
52
80
84
7
87
13
4
100
10
46
15
79
79
45
79
74
24
96
42
2
86
24
45
19
87
2
30
48
49
59
11
19
32
82
44
7
16
66
94
88
15
53
55
2
67
20
89
63
58
84
87
62
14
88
96
58
25
98
42
60
91
49
96
73
55
4
75
40
35
85
89
92
99
29
10
65
77
41
44
1
30
13
45
46
49
17
54
85
68
46
37
10
62
23
33
55
20
9
38
62
4
47
17
18
11
42
13
82
34
11
42
81
25
90
43
29
63
28
22
21
76
85
53
67
31
42
20
53
15
65
40
10
96
71
22
10
12
26
92
64
30
61
87
40
30
84
77
90
16
11
74
48
13
57
22
33
35
34
97
70
31
73
76
96
6
11
47
80
76
100
97
9
14
53
4
15
41
11
53
18
11
97
40
21
13
82
59
39
59
43
10
92
53
51
98
99
95
45
33
46
9
76
3
18
12
60
57
20
27
8
80
65
27
80
71
23
62
54
85
56
95
45
45
20
96
8
94
19
18
25
54
63
48
36
73
55
56
96
15
33
30
31
81
95
91
36
39
81
68
100
37
32
45
37
33
36
62
20
54
1
63
71
96
80
18
98
62
99
2
87
59
14
94
12
82
99
36
85
64
52
30
56
84
29
77
72
73
63
6
44
75
93
30
14
78
24
94
76
27
87
23
37
86
92
90
2
91
4
89
70
26
6
74
76
53
10
81
21
81
7
67
88
27
69
37
52
73
99
84
50
69
42
39
59
57
58
46
46
13
66
26
17
83
60
5
43
52
4
8
93
29
97
18
66
37
30
53
1
34
100
44
82
98
86
97
63
1
59
92
26
18
37
61
3
67
53
96
36
38
47
75
12
55
71
26
76
48
35
53
21
55
30
27
32
71
55
6
55
21
91
91
28
33
89
35
12
4
28
30
85
9
14
32
64
65
96
30
32
49
61
22
82
16
61
23
37
45
25
61
17
38
80
7
99
38
32
35
31
46
49
8
95
75
2
72
33
99
43
52
46
3
17
39
42
12
13
58
58
32
76
80
83
2
50
27
13
90
22
99
42
80
23
33
63
75
90
2
31
89
86
32
87
60
42
31
69
17
31
47
73
12
24
69
66
72
32
95
78
47
56
69
100
40
70
91
68
35
65
65
17
20
78
51
50
42
16
63
22
97
16
36
35
90
91
93
54
8
37
64
47
67
13
87
43
94
96
86
53
38
84
52
83
100
69
23
100
66
81
40
20
3
43
76
86
9
68
10
99
35
53
84
21
66
9
54
20
87
67
55
60
78
54
47
85
28
71
39
30
49
1
49
23
52
86
11
77
82
22
97
60
85
55
6
68
32
46
67
20
9
57
4
63
56
97
60
62
67
11
17
42
2
33
16
71
61
29
11
21
61
57
53
33
96
94
26
61
48
39
94
86
89
5
66
44
41
90
19
19
72
16
23
31
41
67
33
78
41
69
55
61
85
21
30
87
5
18
33
42
68
59
43
52
62
51
34
29
60
33
14
91
42
68
21
11
95
34
78
81
52
69
35
15
68
26
11
89
16
3
68
65
57
84
99
41
31
44
61
46
67
31
15
94
46
2
9
53
16
98
22
70
18
17
81
39
84
88
9
49
23
24
84
75
53
50
1
21
21
57
80
47
3
39
55
27
44
36
56
43
6
40
97
81
39
68
9
21
29
41
49
60
19
90
1
68
49
60
82
69
82
67
4
95
80
45
95
66
40
44
6
17
5
11
98
54
38
8
25
55
81
23
10
46
82
61
48
69
57
61
29
13
19
18
61
38
1
51
18
32
100
91
4
20
67
19
41
14
76
41
35
3
77
53
4
56
93
43
20
33
43
14
88
67
9
96
7
2
31
46
50
12
83
49
86
41
76
97
89
3
56
16
57
66
95
29
58
93
97
78
89
97
42
47
34
46
5
95
11
84
16
56
77
24
49
27
15
35
52
70
40
15
17
24
46
79
20
98
34
23
13
40
77
63
52
33
96
90
43
32
91
62
3
73
48
17
56
90
54
39
40
19
53
23
32
46
21
11
2
70
58
9
85
9
29
71
51
76
70
33
70
9
64
91
9
43
84
97
37
67
55
39
80
46
25
95
73
1
43
62
57
11
54
60
32
44
19
30
19
73
29
28
35
97
94
57
34
84
95
6
11
92
50
85
14
90
87
97
93
35
84
71
65
66
64
24
69
59
56
93
96
3
84
94
26
11
75
32
2
40
62
56
59
67
65
79
74
59
32
20
83
41
36
15
5
80
77
2
88
90
46
59
76
72
99
84
85
26
15
63
97
37
89
1
11
34
11
75
99
43
51
72
93
68
53
82
1
30
22
51
3
90
39
24
28
93
67
31
53
52
84
79
1
48
83
55
11
77
42
10
56
20
42
51
36
90
58
60
80
37
77
72
61
32
62
20
65
21
5
94
62
10
41
7
34
94
25
65
14
30
35
50
63
77
5
55
77
49
14
6
84
94
89
90
53
38
88
59
80
62
93
92
97
32
48
73
60
15
60
67
83
35
44
81
86
50
84
33
4
16
71
41
49
14
19
80
78
45
31
82
9
20
91
29
24
39
31
66
32
56
99
31
67
92
6
43
57
40
97
56
37
75
96
22
41
54
98
50
10
45
51
68
25
25
76
32
31
27
57
70
83
26
49
76
86
5
49
78
96
76
18
78
68
24
77
27
100
48
1
56
72
34
39
33
11
25
5
34
20
45
96
25
9
87
35
32
66
97
6
79
88
75
87
10
100
52
83
13
34
4
17
31
68
26
16
77
47
55
52
71
25
14
41
26
54
33
83
23
3
58
72
65
37
59
10
60
28
52
1
52
2
21
53
28
51
53
43
81
37
1
9
42
98
72
90
62
83
23
87
21
58
54
40
98
10
5
83
98
8
18
46
39
54
26
92
31
58
50
84
23
43
98
1
56
49
74
100
39
37
89
26
18
26
22
44
8
25
5
58
90
2
36
68
75
55
69
59
14
86
50
51
48
66
97
23
25
49
25
89
66
51
90
19
65
90
11
96
14
10
27
63
44
44
7
89
17
97
22
29
24
46
38
71
54
32
37
69
80
63
6
25
27
96
87
41
10
74
29
69
64
14
84
14
50
37
73
82
18
58
80
35
78
57
81
16
16
72
43
64
54
14
87
23
62
95
7
5
55
25
45
57
20
6
79
36
21
65
58
98
1
48
69
40
71
35
69
59
2
92
31
81
40
65
80
86
41
6
2
97
57
80
90
4
19
46
92
2
63
83
5
95
76
92
54
54
12
88
23
58
10
35
55
90
25
97
15
67
100
34
93
55
4
47
51
34
48
14
68
48
21
36
11
83
9
10
74
24
2
28
54
23
60
37
99
47
8
78
89
2
29
56
93
13
75
48
15
91
34
25
41
94
36
14
76
7
45
77
44
89
8
65
46
33
37
55
89
54
81
29
1
19
42
57
63
65
91
16
94
83
66
73
33
36
92
13
32
12
5
35
16
99
66
64
75
38
83
58
91
52
96
99
73
20
6
49
100
20
89
12
77
99
23
40
91
93
58
57
46
51
8
82
7
69
7
82
16
18
65
57
12
96
82
75
56
1
77
9
25
50
81
9
9
88
93
50
100
78
93
95
1
83
70
92
29
43
75
96
10
18
90
18
63
13
58
69
28
23
90
86
37
82
73
90
59
26
64
63
42
54
2
80
67
55
83
45
74
97
13
51
10
9
79
10
51
41
56
4
4
51
1
85
96
76
58
13
99
13
93
45
19
34
49
19
36
48
44
51
33
89
46
90
30
64
57
57
41
20
1
69
84
8
73
56
98
55
29
52
50
14
87
94
49
65
1
86
29
75
26
44
56
47
49
84
61
19
21
56
78
50
20
45
52
36
76
34
40
16
53
60
42
74
90
10
84
85
4
16
43
72
41
95
81
36
28
28
24
13
79
17
9
90
86
65
76
93
59
31
76
88
57
21
78
93
71
58
36
23
43
82
65
73
88
87
27
16
62
71
86
40
28
6
8
28
22
52
53
45
75
66
8
57
75
35
79
9
48
100
19
62
24
95
67
38
80
60
69
95
61
94
85
66
81
57
31
64
64
51
48
30
29
92
41
79
5
51
12
92
6
1
81
83
14
50
54
40
26
89
96
22
23
67
88
4
1
88
8
80
45
30
68
18
10
79
66
42
76
16
36
87
47
83
10
82
21
55
23
56
31
65
63
47
63
88
18
83
81
27
73
45
23
76
24
47
83
35
96
16
58
92
65
90
58
11
98
96
33
45
50
29
17
31
58
94
6
70
81
91
97
19
6
90
100
26
27
86
40
97
44
92
79
75
13
46
11
42
17
12
59
99
51
42
69
78
94
56
83
88
23
10
84
82
65
76
13
36
39
31
90
12
24
48
18
14
88
38
64
56
22
83
18
8
47
67
33
82
65
90
7
25
99
42
95
63
99
47
85
17
7
96
43
35
67
97
10
66
62
24
15
73
1
32
92
53
92
14
55
85
56
7
69
73
40
70
95
73
25
76
5
55
39
9
45
68
26
65
54
43
68
68
90
1
75
47
76
80
2
36
89
29
25
30
54
91
91
51
76
56
45
46
74
92
41
54
9
98
17
64
18
54
1
67
70
92
99
100
17
35
20
84
57
8
73
51
94
87
1
69
92
69
89
79
43
14
90
100
41
98
60
32
16
22
49
3
22
31
25
70
68
12
16
20
27
28
8
57
37
26
11
11
41
67
18
74
5
87
42
70
88
54
27
37
31
59
72
85
11
91
96
48
45
58
16
31
42
41
60
76
41
38
33
60
94
97
18
46
24
90
48
47
5
74
74
46
86
87
97
16
23
48
53
19
80
100
83
68
50
4
6
49
72
3
100
27
36
30
27
70
93
70
91
87
65
21
11
57
71
2
9
2
62
37
93
32
36
76
54
42
66
30
12
46
60
35
61
13
1
27
11
19
5
94
68
76
73
96
6
11
32
2
49
55
57
32
71
49
79
70
30
6
3
11
59
97
22
70
34
35
60
12
85
41
21
30
13
38
54
90
53
77
21
55
11
34
27
87
10
25
16
72
65
94
19
1
88
41
76
6
74
99
16
38
75
10
96
74
21
77
80
19
71
38
61
68
63
76
73
31
24
95
50
30
52
80
97
27
47
38
78
61
94
22
82
33
86
47
44
56
79
95
12
34
33
72
9
39
91
90
7
82
74
53
71
53
34
60
8
12
41
82
60
36
78
62
40
4
67
92
3
77
6
19
18
77
71
92
73
51
28
61
54
81
82
99
2
32
27
6
56
92
92
64
88
97
25
3
67
35
78
10
69
42
58
7
44
66
92
84
57
6
20
30
71
25
52
39
46
30
44
59
47
83
65
75
92
74
52
19
35
51
39
55
6
38
95
62
84
42
42
85
14
18
29
1
75
94
4
87
41
18
44
84
41
35
34
9
1
74
32
28
33
36
20
91
82
89
36
75
56
96
33
54
77
88
96
15
76
9
57
73
29
27
39
81
53
66
43
1
27
19
43
59
55
88
64
30
67
96
49
15
82
65
61
33
62
57
35
50
73
47
8
70
81
6
44
42
89
86
9
19
92
55
7
78
49
80
10
49
65
8
31
26
72
68
5
72
58
61
6
34
21
8
100
79
91
31
80
24
79
98
99
85
100
19
73
63
4
14
96
78
15
72
14
40
47
36
87
76
46
71
7
9
43
24
32
89
47
17
76
41
69
12
77
25
25
98
94
71
38
21
30
90
64
60
15
51
59
49
39
29
20
79
1
78
38
100
55
31
95
72
72
13
4
34
66
53
69
30
19
10
30
95
11
65
5
90
93
13
43
90
89
62
87
60
9
99
8
74
84
79
75
82
38
54
30
30
16
14
76
19
14
41
63
70
43
80
99
25
74
33
78
79
4
71
38
89
25
54
75
55
1
100
14
10
57
46
65
23
81
43
35
52
28
10
94
25
21
61
55
70
23
82
40
28
77
85
58
53
6
3
18
22
20
73
64
41
88
49
47
76
54
10
74
18
79
29
93
49
87
77
22
32
27
76
12
60
59
28
30
51
62
59
4
4
27
88
77
88
65
59
68
30
13
6
81
47
90
20
31
56
95
79
1
19
48
10
74
2
30
56
38
8
38
45
37
55
8
19
4
64
42
92
45
69
33
12
100
86
10
92
96
67
88
10
99
65
33
21
84
26
20
10
15
58
19
7
66
23
66
14
30
47
46
55
73
84
36
46
44
60
81
99
21
11
8
60
53
21
92
71
28
17
12
64
21
93
36
26
31
24
35
55
49
28
14
30
78
86
27
35
49
70
45
26
25
95
34
11
100
91
36
67
43
89
78
54
79
71
57
26
43
49
42
56
98
44
76
38
65
38
5
39
55
54
45
20
84
87
66
96
39
59
98
51
90
36
96
100
57
49
60
12
32
34
96
85
77
56
64
97
33
49
83
32
75
58
64
28
98
12
77
41
39
58
20
51
11
78
29
35
43
38
25
16
8
43
50
57
24
14
72
51
17
34
75
90
44
31
8
36
20
27
54
22
37
79
36
52
80
73
93
37
91
76
86
66
6
33
60
33
26
67
13
19
16
38
16
49
12
93
4
96
12
17
64
85
8
39
93
61
72
97
95
50
27
52
64
94
78
15
47
5
17
57
13
29
22
95
61
100
50
68
81
49
50
84
87
85
49
38
24
32
51
89
7
91
35
28
95
40
98
72
91
3
97
42
57
67
99
75
4
38
81
84
66
6
24
63
75
36
96
17
35
77
7
42
13
29
47
55
99
77
30
69
40
65
24
62
52
99
12
98
35
78
60
29
56
53
46
87
37
31
31
35
75
98
70
46
91
81
79
97
8
33
27
12
14
6
98
9
52
57
13
33
27
43
1
69
5
59
30
72
21
3
77
69
73
34
62
78
90
61
93
100
9
86
77
12
35
16
33
75
26
26
53
56
48
13
26
77
75
96
52
56
37
63
69
57
45
74
76
77
2
98
1
32
47
56
76
49
34
37
59
16
10
56
92
15
19
25
30
69
14
59
94
38
68
53
40
35
8
88
73
77
69
52
75
56
63
85
54
95
5
83
75
19
28
23
77
8
83
57
16
36
87
18
40
18
70
64
35
44
80
94
14
22
66
49
81
60
43
80
88
49
58
10
55
23
14
48
85
96
22
57
51
45
70
45
37
18
26
30
25
38
4
31
66
18
5
72
60
6
71
74
35
23
4
16
52
59
40
14
18
90
33
9
24
84
40
7
90
56
67
95
43
11
10
86
87
61
27
4
92
35
35
68
39
27
54
82
74
63
62
41
69
86
18
84
46
3
12
92
60
70
84
29
53
62
49
80
73
76
76
61
98
40
74
27
14
95
15
13
26
90
81
10
91
78
6
15
62
50
79
67
27
15
85
92
59
64
34
7
96
46
62
12
95
40
85
4
11
78
80
42
58
25
29
35
44
99
27
82
56
25
84
48
20
77
81
54
67
7
4
28
96
76
56
81
87
73
36
24
23
71
89
17
22
11
14
45
93
32
49
68
19
51
44
39
92
60
58
33
67
97
58
14
4
11
94
54
85
21
38
41
18
76
7
87
97
28
18
66
63
42
19
32
44
45
26
41
50
95
92
90
86
99
4
87
61
30
28
43
10
48
54
98
53
25
19
46
44
22
21
22
59
63
92
95
51
13
75
8
92
88
43
59
56
45
100
80
65
80
63
7
10
29
26
61
41
37
91
36
48
55
16
1
99
2
21
31
51
49
23
62
88
58
72
77
50
32
75
78
63
95
45
22
55
94
65
26
92
40
95
93
11
43
45
94
75
80
98
12
17
81
67
3
46
96
46
7
16
48
43
21
31
50
82
27
37
83
16
64
91
6
68
24
90
25
30
73
12
58
31
66
87
49
17
89
9
55
17
8
62
6
6
32
69
42
26
3
41
2
36
36
96
62
91
75
87
68
72
89
84
79
22
93
36
87
17
78
26
13
63
52
65
33
70
15
36
29
8
71
10
90
80
73
23
14
38
3
94
74
35
73
11
94
9
100
59
24
10
41
78
72
27
48
46
95
98
39
35
93
15
19
80
13
14
16
85
45
58
56
71
31
13
68
51
71
30
1
37
8
46
57
27
91
33
29
66
17
41
36
64
9
17
71
55
34
98
10
17
29
31
28
45
49
68
47
86
99
77
87
7
71
16
41
38
87
73
39
54
77
20
46
44
78
58
72
16
43
11
13
33
41
43
65
34
22
18
56
40
32
69
62
97
68
85
40
74
52
62
32
30
4
80
94
52
39
6
19
96
72
59
29
54
79
91
42
3
7
8
52
28
52
1
29
47
43
92
45
94
47
66
55
79
56
90
9
24
97
84
41
54
33
84
46
58
30
93
93
24
53
66
98
30
70
39
99
65
17
4
17
74
89
17
44
1
90
3
23
33
6
7
77
49
57
76
80
88
76
60
99
27
70
41
93
61
2
4
86
10
46
17
72
6
50
61
10
63
76
73
100
76
72
15
9
49
80
56
25
47
77
27
43
60
54
33
1
92
17
3
66
2
15
58
8
10
18
92
9
47
92
35
77
84
7
39
44
63
39
100
67
75
39
84
57
71
16
86
59
84
86
5
69
95
69
83
33
47
56
31
55
74
88
82
32
70
70
43
18
4
2
45
62
23
59
22
98
59
88
56
59
72
68
41
52
62
87
35
100
7
49
28
7
62
9
42
85
13
38
66
67
44
81
6
25
31
41
33
14
98
66
62
84
27
11
44
3
3
38
23
20
1
77
90
94
53
23
83
59
33
4
76
10
84
44
16
26
52
60
44
29