543
82
37
74
76
95
17
73
84
100
30
56
25
75
64
53
24
24
18
75
65
82
98
41
86
17
82
23
73
60
45
46
35
100
29
51
83
5
48
65
31
46
93
32
77
29
96
52
85
41
45
100
10
12
96
18
58
8
29
25
11
73
57
40
5
77
14
27
98
39
87
89
20
17
16
81
86
60
75
24
69
1
30
1
38
1
12
98
24
8
41
3
72
73
79
9
13
72
27
74
55
81
77
2
31
97
99
63
52
32
6
11
39
55
85
66
100
11
8
90
100
26
62
46
34
38
43
46
12
44
76
64
32
50
87
52
68
2
92
69
15
44
85
50
68
40
83
1
88
42
73
30
62
1
71
34
4
5
17
30
55
18
51
98
88
89
64
11
20
59
11
46
22
66
47
49
89
83
56
86
85
69
36
84
26
6
92
30
48
71
95
28
70
92
49
78
61
55
55
46
77
99
89
70
96
95
47
87
45
50
16
42
94
7
67
6
2
3
81
28
28
14
16
25
75
69
26
15
13
74
95
68
66
27
38
80
31
32
49
7
9
43
78
95
44
88
40
20
53
27
32
11
72
49
10
56
4
90
60
82
61
11
77
78
23
7
27
53
38
97
72
55
20
82
95
5
51
6
79
64
12
40
22
7
8
8
26
53
23
22
18
65
23
5
98
50
85
87
42
1
47
76
52
95
43
68
63
85
77
6
80
91
90
13
61
36
95
37
57
1
74
61
93
93
69
38
19
37
100
24
57
74
83
80
5
23
21
32
17
39
59
20
76
25
94
4
51
8
20
38
15
83
6
74
41
30
97
61
39
82
41
66
30
25
87
52
92
34
33
93
46
65
50
87
19
95
48
60
23
46
66
38
36
87
100
62
51
81
98
13
6
100
45
62
72
81
98
48
91
99
74
80
54
38
7
98
31
37
51
36
38
38
50
45
2
37
78
42
61
77
79
54
88
84
64
87
69
13
19
1
70
58
61
10
52
15
35
54
95
32
70
8
13
35
20
34
77
37
28
78
53
31
33
48
56
24
60
45
54
3
15
49
40
20
73
74
60
43
55
15
3
30
26
52
22
92
64
1
66
66
70
95
28
100
34
2
47
95
36
82
55
30
29
15
1
58
56
58
72
30
75
13
44
95
20
23
56
44
36
6
61
55
75
95
64
48
48
3
8
97
58
52
21
83
49
94
36
99
40
34
23
52
94
13
92
19
52
93
43
68
38
4
35
41
63
88
76
29
83
11
34
55
8
18
36
50
2
83
95
56
14
60
10
94
39
52
41
55
71
59
60
76
29
40
64
8
28
22
17
88
7
76
46
53
92
4
32
92
32
13
49
2
85
64
34
47
28
15
50
100
64
32
62
17
94
69
2
46
18
21
55
8
76
30
86
21
48
53
6
6
81
66
49
18
15
78
45
59
42
7
87
18
27
99
10
50
13
67
22
28
68
66
75
21
6
65
85
92
30
70
92
58
73
43
13
65
26
18
77
77
33
50
53
85
5
35
25
29
71
56
59
24
87
53
95
95
91
55
10
88
90
70
65
69
65
71
56
100
69
10
84
64
88
20
63
5
14
91
41
83
44
78
28
64
16
6
96
73
72
56
37
40
58
11
88
86
24
71
80
12
82
60
25
70
74
32
62
38
78
38
6
36
31
27
91
54
31
49
77
13
7
31
15
30
64
93
40
98
79
97
46
16
36
20
34
39
48
70
19
12
41
29
28
27
1
50
62
27
11
69
19
16
31
91
40
65
48
5
16
34
4
5
68
3
62
35
19
80
28
51
100
9
77
22
67
26
74
18
23
25
43
24
47
80
41
80
61
92
50
17
36
4
91
14
16
81
85
47
23
58
52
45
62
81
34
2
62
6
94
95
20
66
47
24
70
25
1
69
28
82
15
9
28
21
1
65
36
76
58
69
44
16
67
42
66
81
95
92
82
56
34
56
77
89
96
1
13
10
6
26
83
19
2
77
55
25
40
81
52
55
33
30
85
89
38
49
3
97
93
8
85
32
38
84
19
62
57
22
1
81
70
87
8
92
90
30
12
34
6
51
29
38
72
14
12
22
5
60
78
97
6
3
77
9
31
61
49
59
52
98
56
33
39
50
92
67
65
83
47
24
21
20
2
38
87
39
25
9
36
92
32
75
54
8
79
75
20
34
21
44
43
58
25
1
29
55
42
34
40
43
10
48
48
54
68
31
13
24
26
40
73
90
71
25
56
41
68
78
76
51
80
12
90
32
41
81
14
70
90
58
98
71
4
91
47
87
6
12
95
6
17
18
96
21
36
92
47
60
35
61
97
97
93
1
78
2
75
11
1
92
23
71
4
33
39
30
34
15
87
45
68
23
1
55
44
38
75
77
97
80
48
13
24
14
73
7
30
65
53
53
86
70
79
28
29
55
88
11
33
77
8
16
2
80
9
87
25
9
45
77
81
22
41
7
10
96
78
36
87
30
17
74
92
29
13
2
13
5
86
78
94
46
95
31
26
63
97
79
10
41
86
43
92
81
77
34
20
26
71
66
52
77
7
13
10
43
20
47
51
79
30
50
8
25
16
34
6
92
32
32
42
84
70
1
61
89
26
89
75
87
28
49
10
41
21
32
42
32
12
45
72
2
20
35
63
19
87
19
99
42
67
20
64
56
85
26
14
98
53
14
83
52
14
47
83
85
55
90
76
70
23
29
77
89
75
89
54
11
7
36
38
25
28
67
58
59
10
51
56
94
30
18
33
39
60
34
70
61
12
56
19
91
44
36
71
87
100
44
8
94
16
99
60
55
21
52
61
48
100
94
90
74
16
97
9
60
97
74
77
68
77
62
45
97
46
44
28
1
74
81
64
94
31
94
21
80
51
39
7
43
73
8
5
76
95
53
44
47
43
5
58
94
10
41
6
7
71
2
60
42
39
94
57
3
67
24
26
3
35
55
64
94
66
8
28
44
31
25
5
86
93
45
12
85
77
8
100
89
76
83
43
87
20
14
91
8
38
13
42
88
51
98
30
95
65
8
22
61
27
42
47
92
39
64
84
50
35
23
30
83
70
49
7
62
91
59
86
60
62
81
71
71
42
30
60
18
37
43
25
50
36
37
92
82
91
45
26
61
98
5
99
2
1
45
67
85
19
59
60
81
88
15
99
2
84
16
100
10
71
28
39
19
22
45
67
78
42
30
42
57
40
89
89
89
7
67
24
6
17
99
95
73
3
49
41
6
72
86
2
41
34
78
97
49
5
91
29
76
35
8
93
63
19
78
44
82
68
10
51
77
50
57
52
62
67
22
67
41
29
96
21
22
37
16
42
93
32
82
15
61
12
40
15
32
60
95
67
100
2
3
45
81
73
51
90
44
6
86
20
100
95
62
21
65
89
67
7
49
93
100
26
99
37
40
66
94
88
49
63
27
35
53
97
95
16
86
77
94
68
4
39
76
30
71
1
98
30
80
44
24
96
57
32
10
62
38
27
86
74
74
94
98
45
39
48
80
23
96
95
96
67
98
74
67
26
37
90
36
70
54
76
95
21
36
48
72
46
44
42
47
68
15
16
56
59
6
13
46
8
76
93
78
15
64
16
87
12
2
19
25
64
57
81
69
47
41
35
76
48
66
30
73
92
93
80
1
65
50
54
31
37
29
37
98
39
54
63
42
4
79
73
10
23
22
10
93
16
27
28
2
66
23
66
84
76
72
42
72
85
27
32
51
57
86
99
76
75
29
93
51
53
83
11
6
46
44
60
13
94
96
17
66
26
87
12
40
88
84
63
66
85
15
34
56
92
58
87
65
72
8
67
78
16
43
17
83
23
75
30
24
93
25
38
36
12
26
69
78
32
93
22
2
69
76
83
46
16
1
43
54
41
14
95
95
87
60
74
51
7
66
54
83
34
38
63
86
45
53
20
25
72
8
17
61
98
33
24
11
42
27
19
72
43
52
34
41
91
54
9
89
66
56
54
37
70
51
3
11
100
67
37
44
31
56
19
37
82
47
65
46
76
37
34
29
3
19
90
53
79
17
100
42
100
63
21
73
14
81
27
75
63
72
65
10
76
98
29
28
49
64
70
72
98
24
63
64
39
22
69
7
27
30
70
71
84
89
11
11
57
20
30
13
18
49
9
63
47
82
18
46
52
19
19
45
4
95
67
81
61
85
78
76
62
52
72
74
58
33
55
3
70
55
91
9
72
64
44
32
28
95
68
98
87
37
82
92
77
48
53
78
52
57
84
1
63
53
43
16
67
86
29
31
79
78
84
57
85
72
74
62
91
38
97
17
92
50
79
26
72
36
3
29
24
74
79
42
27
62
68
22
62
100
76
36
1
78
34
52
24
68
72
84
96
96
76
99
84
88
64
15
55
12
65
71
98
61
44
41
34
36
24
84
97
3
84
21
10
12
14
40
15
90
81
26
67
70
38
15
74
36
58
16
54
71
21
66
87
65
71
50
97
45
10
58
41
1
95
7
81
37
36
36
86
100
54
100
83
98
6
81
74
41
43
25
66
7
99
8
98
59
27
70
52
98
94
71
8
62
85
82
51
60
69
64
78
70
45
6
79
42
44
71
92
17
84
71
2
13
35
2
9
67
3
26
18
76
19
97
12
62
37
14
13
42
52
33
7
63
74
46
42
27
92
59
41
25
100
88
75
87
31
46
25
84
31
11
80
56
82
94
16
12
86
4
54
70
52
26
47
50
33
91
5
19
27
25
48
22
60
42
31
75
76
24
84
46
95
93
20
49
37
41
10
6
13
24
79
33
70
70
85
4
19
70
77
42
61
38
99
4
13
86
38
29
57
91
88
19
26
6
11
49
29
78
71
33
63
17
62
94
72
59
25
43
40
19
13
39
83
71
68
19
88
98
49
95
31
27
44
30
53
95
22
35
7
54
41
36
50
38
58
5
50
33
47
63
46
100
71
88
68
36
36
14
2
71
14
9
87
99
14
33
98
88
6
71
52
38
70
67
74
12
85
25
92
64
5
99
37
92
49
77
81
73
93
36
100
81
79
72
25
86
50
31
66
79
95
43
99
90
51
18
98
47
61
35
33
13
20
15
13
50
37
75
30
84
13
11
14
30
14
34
32
25
12
7
83
46
61
86
99
33
96
89
54
11
17
35
92
48
20
85
60
100
10
5
90
12
26
75
39
70
88
90
57
49
26
6
55
10
80
62
88
52
27
67
69
94
89
22
45
13
46
27
65
70
78
45
28
63
98
74
92
63
38
8
39
66
46
50
23
60
8
83
81
4
59
96
74
56
97
96
96
76
76
69
63
3
80
3
90
89
23
39
16
58
9
10
71
28
71
79
70
38
79
33
38
43
97