8358
32
46
13
24
87
15
19
3
82
44
75
30
33
3
79
71
49
19
12
54
70
8
53
11
74
15
96
65
63
73
60
30
23
62
78
79
71
50
45
74
79
13
14
2
83
80
55
75
56
87
48
45
78
93
72
52
55
92
45
70
52
68
64
79
58
81
20
11
30
17
52
44
93
64
7
11
53
96
12
17
14
6
81
66
84
73
95
50
23
14
56
2
55
67
11
10
3
78
79
81
59
97
2
88
35
12
83
17
49
45
83
89
29
24
95
32
40
3
70
32
56
65
84
54
99
69
36
36
63
26
68
89
7
70
25
78
91
10
52
60
53
93
48
7
85
45
59
66
94
54
35
40
7
73
4
14
82
97
50
3
95
85
33
8
40
7
14
34
7
36
91
99
62
59
69
95
52
43
85
73
47
82
86
2
5
67
36
7
74
34
66
68
96
94
14
100
95
53
79
59
100
28
52
17
40
24
20
14
83
63
48
27
4
80
72
27
49
54
91
61
40
91
76
62
36
72
5
54
8
33
39
43
21
69
10
66
30
42
80
8
40
85
67
71
74
89
100
46
7
64
35
5
46
40
64
100
43
45
28
49
73
63
53
3
92
33
82
60
52
41
77
34
35
22
12
84
44
72
41
76
26
21
35
58
35
19
8
32
53
53
68
81
95
85
57
8
77
19
56
84
68
41
44
54
20
66
48
49
47
12
29
54
70
71
61
9
66
90
6
33
47
59
36
9
52
14
62
83
30
94
86
49
33
14
83
93
28
14
85
8
8
95
29
66
41
39
89
91
36
59
91
42
84
12
27
89
68
31
91
52
98
69
22
21
75
92
41
30
7
65
41
60
82
92
58
8
54
79
76
94
26
93
46
1
29
93
53
93
68
4
100
57
40
71
5
61
78
95
21
33
82
62
68
61
37
68
49
58
66
91
74
66
77
25
65
65
70
74
92
93
52
8
7
74
60
60
18
73
2
90
99
65
96
28
57
16
100
61
73
5
50
85
26
45
33
35
99
76
91
50
3
79
36
50
35
26
61
76
59
90
17
46
23
89
97
1
63
13
18
19
12
33
7
60
43
52
30
8
82
100
73
70
7
44
16
33
12
62
19
54
96
19
14
9
46
34
3
20
86
41
93
35
60
53
12
14
69
4
93
55
82
95
94
33
21
28
43
9
43
58
36
68
9
49
25
83
53
22
91
97
28
24
40
30
63
78
66
43
58
1
6
32
68
84
19
15
39
55
32
68
55
21
51
9
47
62
82
22
55
95
4
27
17
30
5
58
20
19
80
56
9
32
38
13
50
32
53
31
46
91
82
96
12
45
47
84
80
37
12
71
46
93
68
66
24
14
75
46
77
57
69
91
73
3
67
25
33
77
59
50
93
10
12
8
26
17
82
83
89
67
29
93
10
50
17
72
19
81
17
68
28
64
71
16
82
68
96
58
31
24
69
26
22
12
16
62
93
48
93
99
59
39
94
73
54
68
83
47
45
9
51
31
68
21
69
78
49
60
48
48
41
94
11
80
8
92
20
65
36
8
20
77
65
33
25
41
6
3
40
89
41
81
61
60
71
23
15
92
71
47
39
25
72
28
30
42
25
65
9
27
44
62
44
39
10
35
14
13
97
15
91
59
39
23
57
22
91
38
29
60
90
62
60
78
78
95
95
75
48
33
71
38
53
45
77
44
31
38
85
41
100
19
71
54
15
35
85
57
45
69
59
91
90
34
13
76
46
41
65
23
97
16
1
32
43
55
70
6
1
23
100
38
99
6
8
50
97
8
78
22
21
100
59
87
37
64
78
43
1
29
83
55
61
22
48
84
28
52
33
39
17
30
20
42
63
84
52
80
69
82
78
56
3
79
68
2
66
12
81
62
80
69
63
40
80
33
88
23
11
45
2
15
38
65
32
35
83
43
87
1
25
90
30
75
54
21
79
24
30
72
8
18
7
39
95
89
11
96
59
28
57
77
74
81
81
4
18
66
98
52
51
53
56
100
9
87
48
76
55
5
8
47
6
63
41
61
4
63
52
16
98
76
84
81
92
77
79
20
10
56
55
36
4
83
91
48
27
37
32
98
98
72
66
26
51
11
32
63
56
43
9
13
15
75
6
29
58
5
79
86
8
70
62
87
44
38
53
3
99
25
59
70
26
49
65
3
13
16
64
95
65
36
61
14
50
93
24
19
36
41
91
67
71
43
43
45
59
6
24
90
42
51
95
36
69
69
25
5
24
74
95
46
38
42
91
36
91
69
98
82
84
2
73
13
47
77
52
86
31
100
96
81
37
7
82
94
55
15
9
38
4
18
4
54
55
53
20
81
49
46
35
78
65
71
85
44
68
75
81
6
47
58
38
48
15
5
90
86
5
14
89
14
88
50
86
79
11
33
3
46
38
95
2
78
65
30
22
81
57
30
38
11
34
77
42
20
2
86
56
40
28
99
52
34
58
40
96
16
22
26
38
47
35
25
71
44
55
1
38
91
27
55
6
14
71
26
7
65
65
38
61
1
54
65
67
35
96
77
55
19
74
26
77
64
12
37
62
59
40
82
32
85
38
46
97
29
53
92
49
29
50
12
70
7
62
23
64
82
54
85
69
74
15
62
6
77
5
45
6
75
51
2
59
86
84
100
43
38
26
28
71
96
36
37
85
66
30
30
96
1
39
3
16
69
44
7
56
22
23
24
85
40
22
72
49
99
35
43
44
25
31
65
61
91
66
80
81
52
66
19
71
25
74
6
15
42
71
18
83
60
56
54
25
25
2
12
71
75
52
11
96
35
51
40
22
4
49
35
48
60
74
19
60
10
50
85
16
71
48
99
13
68
73
54
92
99
31
93
73
20
27
99
77
28
6
39
25
58
46
90
37
83
87
27
100
16
45
92
8
13
59
7
38
47
32
54
82
55
43
18
10
61
93
63
11
86
3
21
94
89
5
15
69
56
43
27
21
86
69
67
74
70
27
61
66
54
11
60
14
58
36
46
70
72
45
24
38
37
32
27
8
23
100
13
5
14
24
3
52
51
16
16
79
44
25
90
48
34
26
19
84
91
96
89
37
4
80
51
86
91
66
96
59
2
16
19
42
30
75
73
46
78
11
30
39
83
8
30
78
93
68
63
88
25
2
8
73
97
68
23
61
100
4
68
62
98
98
64
92
66
33
93
24
40
52
7
30
70
89
9
59
1
29
48
66
25
94
40
63
48
38
72
52
24
88
51
58
59
36
81
74
76
19
2
64
61
63
49
76
85
9
90
4
37
91
7
51
37
43
34
67
4
35
27
1
94
12
73
17
43
30
81
48
26
39
80
75
66
16
96
87
3
33
35
87
83
82
50
90
55
50
93
95
39
19
4
96
68
8
96
17
65
21
5
20
78
42
14
45
64
81
30
90
69
38
87
59
47
25
16
44
52
85
75
18
55
63
59
98
22
26
94
45
85
44
88
71
65
21
45
53
76
37
70
97
35
76
82
100
40
54
36
61
42
73
2
65
23
73
84
24
27
38
53
24
67
18
55
1
2
87
42
39
50
14
87
10
97
99
17
80
25
99
87
18
69
22
47
79
49
34
91
39
91
53
7
20
26
14
20
27
77
81
72
59
23
87
68
81
96
88
95
47
5
40
27
40
17
85
22
25
97
6
58
29
53
27
16
25
94
70
15
32
98
33
58
95
62
50
82
84
12
74
4
52
91
68
77
88
42
34
25
82
58
79
94
66
13
64
35
16
64
31
66
71
77
84
51
29
78
92
90
18
69
19
2
90
86
43
25
68
27
36
61
89
65
27
83
58
29
26
66
73
96
21
97
35
67
62
96
43
61
14
12
33
99
83
72
83
78
48
4
26
99
19
66
62
11
48
4
31
55
92
5
27
57
75
71
27
14
31
21
37
3
52
17
86
65
8
32
65
84
45
5
37
92
39
93
44
3
35
32
74
52
17
97
29
79
95
31
41
39
91
16
98
1
11
77
20
93
91
43
87
90
52
43
85
100
74
77
52
67
44
78
82
31
41
93
17
93
65
15
46
82
86
96
23
21
19
71
70
28
38
40
98
1
15
95
45
3
49
13
6
82
64
61
26
54
16
15
9
58
17
70
31
77
82
6
16
12
27
2
22
58
50
98
24
25
17
86
40
77
13
14
17
52
16
96
82
73
76
76
32
13
62
23
27
67
85
20
71
97
18
94
29
40
96
41
33
74
15
54
43
60
1
39
75
88
51
65
58
28
11
25
71
32
32
26
13
38
74
45
39
52
61
28
76
35
47
87
11
47
6
63
92
95
79
92
31
92
56
57
75
82
95
76
25
63
87
16
72
33
66
34
21
50
93
79
2
22
14
78
79
34
79
97
17
84
67
84
18
78
32
67
1
47
4
61
72
92
60
8
59
73
37
53
65
41
35
27
87
46
98
23
55
73
47
38
34
100
17
41
68
85
70
10
6
64
88
7
90
70
24
26
32
46
41
31
24
59
15
65
16
72
44
66
85
64
3
100
78
61
81
12
47
42
26
77
50
55
48
29
90
30
36
84
90
16
52
20
97
51
52
74
58
39
48
9
37
1
71
89
38
43
52
36
6
57
19
80
16
48
81
12
90
49
15
99
40
1
58
90
81
25
43
72
88
82
61
83
91
15
10
7
6
95
29
56
70
10
45
93
18
96
86
75
28
40
48
25
5
19
21
52
42
57
36
79
86
19
17
84
32
68
75
18
1
20
28
92
73
1
75
68
59
60
16
96
89
14
36
87
27
33
100
5
21
73
22
37
82
29
89
26
13
97
4
30
17
46
58
74
92
19
11
83
2
93
45
58
19
4
96
77
94
22
61
80
37
66
12
2
43
43
63
17
2
15
89
37
39
88
10
18
77
80
44
96
19
59
53
57
40
70
81
6
81
60
74
39
89
57
52
48
23
85
20
59
37
76
20
48
64
5
27
84
64
12
81
8
51
49
58
83
21
51
62
6
83
19
88
46
87
94
32
100
68
7
74
75
7
56
97
68
73
51
34
66
59
21
23
64
87
90
25
29
73
87
86
91
1
20
80
56
93
6
96
36
48
45
54
59
96
98
96
56
73
33
11
31
75
69
54
80
15
2
95
90
14
69
7
68
52
48
30
81
12
41
58
19
46
55
52
48
62
81
5
78
20
73
80
9
58
38
65
73
6
95
73
46
4
12
84
34
96
18
78
99
19
42
21
40
1
51
36
61
65
40
42
62
8
64
2
10
72
32
78
30
54
71
16
15
64
83