1000 600
290
317
219
200
228
289
140
163
372
194
232
397
393
133
109
142
392
319
347
180
179
165
275
264
158
252
312
207
375
336
384
397
386
147
257
290
359
281
355
178
238
363
253
348
108
107
164
112
235
285
299
224
153
203
258
287
284
224
115
209
252
352
191
333
144
216
179
101
204
357
294
170
165
151
161
229
384
124
288
325
362
352
135
282
198
393
154
329
116
210
152
330
238
200
266
124
174
326
229
121
179
373
323
235
147
241
131
251
320
172
303
154
179
261
248
157
393
341
224
233
375
241
108
198
385
238
251
241
186
366
381
271
140
359
250
180
220
245
385
100
122
177
204
188
239
262
286
292
214
160
362
212
266
390
197
397
362
292
392
317
232
123
303
213
383
139
253
258
198
228
129
237
328
399
191
379
232
312
107
215
236
348
379
327
395
273
397
391
297
225
269
299
387
347
288
362
345
200
392
207
295
182
156
290
270
248
340
372
320
304
251
355
358
209
373
326
359
115
153
272
335
267
100
385
224
263
364
111
390
160
343
301
374
109
332
367
138
357
378
365
280
389
368
318
149
206
263
146
161
239
340
144
379
343
194
207
191
103
195
133
277
237
170
256
118
219
161
372
265
316
283
265
366
266
333
273
240
350
203
392
371
264
106
166
251
137
313
246
241
320
279
188
268
261
154
172
170
233
258
171
159
137
233
247
360
334
106
314
389
171
252
154
290
294
128
360
315
287
263
121
153
125
150
249
178
188
198
132
369
314
172
150
372
196
342
191
369
241
295
327
293
289
355
130
122
135
167
374
107
328
337
227
361
133
265
262
305
245
127
320
324
260
320
291
284
161
102
126
331
388
197
314
228
245
313
204
340
382
162
178
131
182
240
386
385
131
358
141
328
390
153
172
305
140
164
230
305
256
306
149
167
142
220
266
300
332
333
252
238
382
208
278
253
349
255
211
353
268
337
374
391
101
150
138
140
240
204
224
251
182
191
225
384
288
257
204
204
120
119
175
200
197
134
356
385
314
379
374
207
289
281
262
113
105
382
129
346
192
114
277
133
348
165
334
304
388
152
178
289
157
239
181
246
236
382
251
292
390
371
192
339
126
206
309
134
363
161
188
284
272
207
115
395
186
214
278
221
138
219
210
202
377
274
132
362
241
316
270
276
148
157
259
110
242
380
261
382
115
381
220
151
142
322
352
155
273
191
225
276
363
335
306
319
246
125
297
255
323
106
117
357
227
393
310
153
371
238
281
110
200
391
232
202
384
294
398
279
267
112
266
225
366
368
229
389
291
101
265
102
212
298
178
309
271
236
187
217
244
104
312
247
358
375
144
198
377
329
248
333
189
304
297
126
387
238
325
188
302
286
315
127
104
157
308
143
211
331
249
200
161
307
226
177
290
360
356
331
362
157
102
325
385
114
197
119
275
107
285
137
356
183
320
379
228
299
222
115
157
249
198
113
236
106
110
208
379
263
140
129
233
237
327
187
366
137
357
327
107
371
393
302
318
178
350
297
225
235
365
203
322
210
175
399
128
262
291
164
147
126
121
189
127
334
208
131
138
307
200
299
303
177
397
383
200
374
114
258
241
305
268
343
102
358
174
142
186
216
108
148
333
163
122
388
167
226
316
281
175
177
203
169
282
338
232
120
312
101
183
268
339
350
126
304
121
215
360
179
198
282
398
167
280
275
263
119
133
107
133
152
205
342
106
361
206
156
393
324
138
337
172
212
145
149
233
148
118
264
213
237
209
385
154
123
215
206
371
379
147
145
388
373
289
284
260
108
101
360
225
352
310
283
158
150
151
305
354
174
123
194
147
226
195
120
398
348
195
250
288
255
223
399
260
328
323
233
100
150
282
375
241
200
156
387
143
268
388
175
254
284
248
230
377
282
355
278
324
299
158
202
237
367
189
297
318
365
298
313
326
229
296
335
333
153
162
172
314
366
110
349
231
170
188
267
269
189
282
390
239
123
206
360
198
129
273
162
285
162
380
185
164
117
381
217
193
358
168
241
247
108
264
342
126
316
148
124
211
340
301
128
241
390
290
180
299
143
162
244
351
318
219
345
284
348
188
270
334
374
246
338
147
235
198
356
328
220
276
313
204
351
352
330
265
161
185
227
388
236
330
278
104
360
221
175
280
305
214
268
340
349
248
317
277
265
210
199
152
385
123
204
100
179
368
248
292
174
312
342
156
392
284
155
300
384
358
150
297
339
200
276
113
194
374
396
396
223
239
222
220
182
374
200
260
323
298
348
137
336
113
240
186