100000 1000
273
281
71
188
216
173
188
114
192
226
134
210
273
154
61
287
212
183
246
203
283
238
273
89
96
201
200
184
131
67
167
59
159
85
101
68
51
73
135
237
113
105
269
88
282
133
125
262
214
209
169
296
68
288
206
150
195
146
102
260
203
248
70
124
87
141
128
290
288
286
126
78
81
278
221
52
234
297
261
145
229
78
232
252
88
178
100
72
298
280
241
238
231
81
85
196
184
136
210
66
110
114
68
238
56
145
79
61
204
225
255
71
89
87
182
169
145
161
170
196
81
61
157
144
168
50
193
127
60
79
159
272
252
224
151
283
185
143
83
201
190
235
285
93
147
164
231
70
201
258
61
297
71
126
191
210
118
162
290
124
137
97
247
122
261
233
113
290
270
202
228
190
57
178
82
155
282
114
82
193
192
294
253
278
206
175
206
289
255
126
272
183
62
198
234
221
202
256
284
226
131
135
222
85
192
80
294
154
110
201
198
53
239
145
199
67
95
116
63
154
230
252
190
117
159
168
62
212
229
199
233
118
50
73
135
66
272
215
120
109
117
178
107
156
175
241
102
63
154
143
239
229
248
120
266
223
93
262
70
189
242
171
213
240
191
185
214
280
61
64
119
135
210
97
275
195
97
165
291
204
74
137
158
240
156
187
71
72
299
280
67
204
261
67
105
118
74
216
91
153
225
80
219
102
220
135
75
294
245
59
254
129
92
195
66
55
264
283
258
84
122
133
249
228
87
202
95
186
225
214
292
149
143
227
221
215
84
266
292
158
195
211
284
238
234
281
174
262
146
255
182
283
91
106
198
294
294
198
178
157
224
277
226
113
87
208
175
185
134
229
100
127
109
95
229
159
255
175
190
242
213
294
156
296
57
103
253
202
200
145
63
291
104
150
298
265
229
111
82
148
131
161
145
86
118
54
122
58
77
114
257
242
97
173
111
208
271
151
196
144
215
84
278
298
233
117
205
244
192
269
139
230
90
253
175
102
254
259
289
183
279
265
245
276
60
92
59
222
251
115
275
171
120
210
258
91
152
245
232
114
55
169
138
179
143
292
173
128
263
159
117
131
285
117
78
240
163
219
226
169
298
223
100
138
135
258
236
151
253
137
52
94
58
197
226
210
161
77
196
100
216
292
232
137
149
223
75
146
111
237
86
231
56
71
50
146
232
237
262
291
276
76
227
53
245
79
230
65
255
84
94
242
258
148
208
126
80
166
271
81
211
118
152
153
283
224
98
183
68
112
58
100
96
191
76
122
180
106
209
207
149
285
140
285
161
77
78
159
114
190
292
127
293
297
197
187
51
251
128
87
73
268
293
62
275
298
166
169
55
55
131
261
192
148
280
72
148
250
153
100
245
259
246
265
283
162
60
139
294
50
173
234
112
218
233
226
85
242
200
227
192
213
117
66
117
103
92
222
223
116
282
261
178
257
103
181
201
71
138
157
161
61
151
168
97
172
279
290
124
285
86
94
96
260
84
77
257
272
167
81
71
158
103
257
274
258
278
122
199
52
299
267
150
278
219
98
279
156
264
260
107
203
74
178
272
209
127
203
271
96
114
209
215
207
77
202
125
117
252
248
205
195
237
287
172
231
157
244
160
184
190
129
192
89
169
147
175
232
298
274
51
286
70
116
107
91
194
250
245
275
196
179
72
152
288
195
298
162
221
224
125
252
219
148
267
158
205
189
295
108
271
88
289
276
267
174
245
230
299
185
232
118
139
255
201
72
185
156
257
253
269
56
75
168
204
56
101
231
226
201
264
142
183
174
139
240
123
258
235
211
83
238
104
162
185
63
84
54
54
86
204
113
144
206
169
247
59
210
247
126
64
153
278
143
125
112
107
111
109
138
260
52
297
177
100
125
158
292
195
107
51
230
244
86
130
279
210
218
76
207
121
271
237
237
164
266
56
177
214
174
78
139
99
151
281
119
205
265
189
265
153
55
232
291
138
161
139
159
273
254
148
147
265
73
52
105
248
281
281
139
211
157
123
90
175
285
191
275
87
247
92
283
160
93
110
230
157
56
283
249
166
204
201
147
251
170
206
81
272
209
132
215
231
91
283
152
193
175
112
298
57
89
187
234
285
83
133
62
96
119
114
224
202
145
273
53
203
147
74
122
133
155
183
185
135
228
259
247
214
257
59
126
230
208
256
115
51
285
67
157
157
240
254
191
54
97
110
295
253
115
179
298
113
84
201
92
210
129
105
51
159
60
244
77
54
164
259
163
262
161
298
158
166
116
236
161
118
163
193
298
